0 0 -43.56
0 1 10.89
0 32 10.89
1 0 10.89
1 1 -43.56
1 2 10.89
1 33 10.89
2 1 10.89
2 2 -43.56
2 3 10.89
2 34 10.89
3 2 10.89
3 3 -43.56
3 4 10.89
3 35 10.89
4 3 10.89
4 4 -43.56
4 5 10.89
4 36 10.89
5 4 10.89
5 5 -43.56
5 6 10.89
5 37 10.89
6 5 10.89
6 6 -43.56
6 7 10.89
6 38 10.89
7 6 10.89
7 7 -43.56
7 8 10.89
7 39 10.89
8 7 10.89
8 8 -43.56
8 9 10.89
8 40 10.89
9 8 10.89
9 9 -43.56
9 10 10.89
9 41 10.89
10 9 10.89
10 10 -43.56
10 11 10.89
10 42 10.89
11 10 10.89
11 11 -43.56
11 12 10.89
11 43 10.89
12 11 10.89
12 12 -43.56
12 13 10.89
12 44 10.89
13 12 10.89
13 13 -43.56
13 14 10.89
13 45 10.89
14 13 10.89
14 14 -43.56
14 15 10.89
14 46 10.89
15 14 10.89
15 15 -43.56
15 16 10.89
15 47 10.89
16 15 10.89
16 16 -43.56
16 17 10.89
16 48 10.89
17 16 10.89
17 17 -43.56
17 18 10.89
17 49 10.89
18 17 10.89
18 18 -43.56
18 19 10.89
18 50 10.89
19 18 10.89
19 19 -43.56
19 20 10.89
19 51 10.89
20 19 10.89
20 20 -43.56
20 21 10.89
20 52 10.89
21 20 10.89
21 21 -43.56
21 22 10.89
21 53 10.89
22 21 10.89
22 22 -43.56
22 23 10.89
22 54 10.89
23 22 10.89
23 23 -43.56
23 24 10.89
23 55 10.89
24 23 10.89
24 24 -43.56
24 25 10.89
24 56 10.89
25 24 10.89
25 25 -43.56
25 26 10.89
25 57 10.89
26 25 10.89
26 26 -43.56
26 27 10.89
26 58 10.89
27 26 10.89
27 27 -43.56
27 28 10.89
27 59 10.89
28 27 10.89
28 28 -43.56
28 29 10.89
28 60 10.89
29 28 10.89
29 29 -43.56
29 30 10.89
29 61 10.89
30 29 10.89
30 30 -43.56
30 31 10.89
30 62 10.89
31 30 10.89
31 31 -43.56
31 63 10.89
32 0 10.89
32 32 -43.56
32 33 10.89
32 64 10.89
33 1 10.89
33 32 10.89
33 33 -43.56
33 34 10.89
33 65 10.89
34 2 10.89
34 33 10.89
34 34 -43.56
34 35 10.89
34 66 10.89
35 3 10.89
35 34 10.89
35 35 -43.56
35 36 10.89
35 67 10.89
36 4 10.89
36 35 10.89
36 36 -43.56
36 37 10.89
36 68 10.89
37 5 10.89
37 36 10.89
37 37 -43.56
37 38 10.89
37 69 10.89
38 6 10.89
38 37 10.89
38 38 -43.56
38 39 10.89
38 70 10.89
39 7 10.89
39 38 10.89
39 39 -43.56
39 40 10.89
39 71 10.89
40 8 10.89
40 39 10.89
40 40 -43.56
40 41 10.89
40 72 10.89
41 9 10.89
41 40 10.89
41 41 -43.56
41 42 10.89
41 73 10.89
42 10 10.89
42 41 10.89
42 42 -43.56
42 43 10.89
42 74 10.89
43 11 10.89
43 42 10.89
43 43 -43.56
43 44 10.89
43 75 10.89
44 12 10.89
44 43 10.89
44 44 -43.56
44 45 10.89
44 76 10.89
45 13 10.89
45 44 10.89
45 45 -43.56
45 46 10.89
45 77 10.89
46 14 10.89
46 45 10.89
46 46 -43.56
46 47 10.89
46 78 10.89
47 15 10.89
47 46 10.89
47 47 -43.56
47 48 10.89
47 79 10.89
48 16 10.89
48 47 10.89
48 48 -43.56
48 49 10.89
48 80 10.89
49 17 10.89
49 48 10.89
49 49 -43.56
49 50 10.89
49 81 10.89
50 18 10.89
50 49 10.89
50 50 -43.56
50 51 10.89
50 82 10.89
51 19 10.89
51 50 10.89
51 51 -43.56
51 52 10.89
51 83 10.89
52 20 10.89
52 51 10.89
52 52 -43.56
52 53 10.89
52 84 10.89
53 21 10.89
53 52 10.89
53 53 -43.56
53 54 10.89
53 85 10.89
54 22 10.89
54 53 10.89
54 54 -43.56
54 55 10.89
54 86 10.89
55 23 10.89
55 54 10.89
55 55 -43.56
55 56 10.89
55 87 10.89
56 24 10.89
56 55 10.89
56 56 -43.56
56 57 10.89
56 88 10.89
57 25 10.89
57 56 10.89
57 57 -43.56
57 58 10.89
57 89 10.89
58 26 10.89
58 57 10.89
58 58 -43.56
58 59 10.89
58 90 10.89
59 27 10.89
59 58 10.89
59 59 -43.56
59 60 10.89
59 91 10.89
60 28 10.89
60 59 10.89
60 60 -43.56
60 61 10.89
60 92 10.89
61 29 10.89
61 60 10.89
61 61 -43.56
61 62 10.89
61 93 10.89
62 30 10.89
62 61 10.89
62 62 -43.56
62 63 10.89
62 94 10.89
63 31 10.89
63 62 10.89
63 63 -43.56
63 95 10.89
64 32 10.89
64 64 -43.56
64 65 10.89
64 96 10.89
65 33 10.89
65 64 10.89
65 65 -43.56
65 66 10.89
65 97 10.89
66 34 10.89
66 65 10.89
66 66 -43.56
66 67 10.89
66 98 10.89
67 35 10.89
67 66 10.89
67 67 -43.56
67 68 10.89
67 99 10.89
68 36 10.89
68 67 10.89
68 68 -43.56
68 69 10.89
68 100 10.89
69 37 10.89
69 68 10.89
69 69 -43.56
69 70 10.89
69 101 10.89
70 38 10.89
70 69 10.89
70 70 -43.56
70 71 10.89
70 102 10.89
71 39 10.89
71 70 10.89
71 71 -43.56
71 72 10.89
71 103 10.89
72 40 10.89
72 71 10.89
72 72 -43.56
72 73 10.89
72 104 10.89
73 41 10.89
73 72 10.89
73 73 -43.56
73 74 10.89
73 105 10.89
74 42 10.89
74 73 10.89
74 74 -43.56
74 75 10.89
74 106 10.89
75 43 10.89
75 74 10.89
75 75 -43.56
75 76 10.89
75 107 10.89
76 44 10.89
76 75 10.89
76 76 -43.56
76 77 10.89
76 108 10.89
77 45 10.89
77 76 10.89
77 77 -43.56
77 78 10.89
77 109 10.89
78 46 10.89
78 77 10.89
78 78 -43.56
78 79 10.89
78 110 10.89
79 47 10.89
79 78 10.89
79 79 -43.56
79 80 10.89
79 111 10.89
80 48 10.89
80 79 10.89
80 80 -43.56
80 81 10.89
80 112 10.89
81 49 10.89
81 80 10.89
81 81 -43.56
81 82 10.89
81 113 10.89
82 50 10.89
82 81 10.89
82 82 -43.56
82 83 10.89
82 114 10.89
83 51 10.89
83 82 10.89
83 83 -43.56
83 84 10.89
83 115 10.89
84 52 10.89
84 83 10.89
84 84 -43.56
84 85 10.89
84 116 10.89
85 53 10.89
85 84 10.89
85 85 -43.56
85 86 10.89
85 117 10.89
86 54 10.89
86 85 10.89
86 86 -43.56
86 87 10.89
86 118 10.89
87 55 10.89
87 86 10.89
87 87 -43.56
87 88 10.89
87 119 10.89
88 56 10.89
88 87 10.89
88 88 -43.56
88 89 10.89
88 120 10.89
89 57 10.89
89 88 10.89
89 89 -43.56
89 90 10.89
89 121 10.89
90 58 10.89
90 89 10.89
90 90 -43.56
90 91 10.89
90 122 10.89
91 59 10.89
91 90 10.89
91 91 -43.56
91 92 10.89
91 123 10.89
92 60 10.89
92 91 10.89
92 92 -43.56
92 93 10.89
92 124 10.89
93 61 10.89
93 92 10.89
93 93 -43.56
93 94 10.89
93 125 10.89
94 62 10.89
94 93 10.89
94 94 -43.56
94 95 10.89
94 126 10.89
95 63 10.89
95 94 10.89
95 95 -43.56
95 127 10.89
96 64 10.89
96 96 -43.56
96 97 10.89
96 128 10.89
97 65 10.89
97 96 10.89
97 97 -43.56
97 98 10.89
97 129 10.89
98 66 10.89
98 97 10.89
98 98 -43.56
98 99 10.89
98 130 10.89
99 67 10.89
99 98 10.89
99 99 -43.56
99 100 10.89
99 131 10.89
100 68 10.89
100 99 10.89
100 100 -43.56
100 101 10.89
100 132 10.89
101 69 10.89
101 100 10.89
101 101 -43.56
101 102 10.89
101 133 10.89
102 70 10.89
102 101 10.89
102 102 -43.56
102 103 10.89
102 134 10.89
103 71 10.89
103 102 10.89
103 103 -43.56
103 104 10.89
103 135 10.89
104 72 10.89
104 103 10.89
104 104 -43.56
104 105 10.89
104 136 10.89
105 73 10.89
105 104 10.89
105 105 -43.56
105 106 10.89
105 137 10.89
106 74 10.89
106 105 10.89
106 106 -43.56
106 107 10.89
106 138 10.89
107 75 10.89
107 106 10.89
107 107 -43.56
107 108 10.89
107 139 10.89
108 76 10.89
108 107 10.89
108 108 -43.56
108 109 10.89
108 140 10.89
109 77 10.89
109 108 10.89
109 109 -43.56
109 110 10.89
109 141 10.89
110 78 10.89
110 109 10.89
110 110 -43.56
110 111 10.89
110 142 10.89
111 79 10.89
111 110 10.89
111 111 -43.56
111 112 10.89
111 143 10.89
112 80 10.89
112 111 10.89
112 112 -43.56
112 113 10.89
112 144 10.89
113 81 10.89
113 112 10.89
113 113 -43.56
113 114 10.89
113 145 10.89
114 82 10.89
114 113 10.89
114 114 -43.56
114 115 10.89
114 146 10.89
115 83 10.89
115 114 10.89
115 115 -43.56
115 116 10.89
115 147 10.89
116 84 10.89
116 115 10.89
116 116 -43.56
116 117 10.89
116 148 10.89
117 85 10.89
117 116 10.89
117 117 -43.56
117 118 10.89
117 149 10.89
118 86 10.89
118 117 10.89
118 118 -43.56
118 119 10.89
118 150 10.89
119 87 10.89
119 118 10.89
119 119 -43.56
119 120 10.89
119 151 10.89
120 88 10.89
120 119 10.89
120 120 -43.56
120 121 10.89
120 152 10.89
121 89 10.89
121 120 10.89
121 121 -43.56
121 122 10.89
121 153 10.89
122 90 10.89
122 121 10.89
122 122 -43.56
122 123 10.89
122 154 10.89
123 91 10.89
123 122 10.89
123 123 -43.56
123 124 10.89
123 155 10.89
124 92 10.89
124 123 10.89
124 124 -43.56
124 125 10.89
124 156 10.89
125 93 10.89
125 124 10.89
125 125 -43.56
125 126 10.89
125 157 10.89
126 94 10.89
126 125 10.89
126 126 -43.56
126 127 10.89
126 158 10.89
127 95 10.89
127 126 10.89
127 127 -43.56
127 159 10.89
128 96 10.89
128 128 -43.56
128 129 10.89
128 160 10.89
129 97 10.89
129 128 10.89
129 129 -43.56
129 130 10.89
129 161 10.89
130 98 10.89
130 129 10.89
130 130 -43.56
130 131 10.89
130 162 10.89
131 99 10.89
131 130 10.89
131 131 -43.56
131 132 10.89
131 163 10.89
132 100 10.89
132 131 10.89
132 132 -43.56
132 133 10.89
132 164 10.89
133 101 10.89
133 132 10.89
133 133 -43.56
133 134 10.89
133 165 10.89
134 102 10.89
134 133 10.89
134 134 -43.56
134 135 10.89
134 166 10.89
135 103 10.89
135 134 10.89
135 135 -43.56
135 136 10.89
135 167 10.89
136 104 10.89
136 135 10.89
136 136 -43.56
136 137 10.89
136 168 10.89
137 105 10.89
137 136 10.89
137 137 -43.56
137 138 10.89
137 169 10.89
138 106 10.89
138 137 10.89
138 138 -43.56
138 139 10.89
138 170 10.89
139 107 10.89
139 138 10.89
139 139 -43.56
139 140 10.89
139 171 10.89
140 108 10.89
140 139 10.89
140 140 -43.56
140 141 10.89
140 172 10.89
141 109 10.89
141 140 10.89
141 141 -43.56
141 142 10.89
141 173 10.89
142 110 10.89
142 141 10.89
142 142 -43.56
142 143 10.89
142 174 10.89
143 111 10.89
143 142 10.89
143 143 -43.56
143 144 10.89
143 175 10.89
144 112 10.89
144 143 10.89
144 144 -43.56
144 145 10.89
144 176 10.89
145 113 10.89
145 144 10.89
145 145 -43.56
145 146 10.89
145 177 10.89
146 114 10.89
146 145 10.89
146 146 -43.56
146 147 10.89
146 178 10.89
147 115 10.89
147 146 10.89
147 147 -43.56
147 148 10.89
147 179 10.89
148 116 10.89
148 147 10.89
148 148 -43.56
148 149 10.89
148 180 10.89
149 117 10.89
149 148 10.89
149 149 -43.56
149 150 10.89
149 181 10.89
150 118 10.89
150 149 10.89
150 150 -43.56
150 151 10.89
150 182 10.89
151 119 10.89
151 150 10.89
151 151 -43.56
151 152 10.89
151 183 10.89
152 120 10.89
152 151 10.89
152 152 -43.56
152 153 10.89
152 184 10.89
153 121 10.89
153 152 10.89
153 153 -43.56
153 154 10.89
153 185 10.89
154 122 10.89
154 153 10.89
154 154 -43.56
154 155 10.89
154 186 10.89
155 123 10.89
155 154 10.89
155 155 -43.56
155 156 10.89
155 187 10.89
156 124 10.89
156 155 10.89
156 156 -43.56
156 157 10.89
156 188 10.89
157 125 10.89
157 156 10.89
157 157 -43.56
157 158 10.89
157 189 10.89
158 126 10.89
158 157 10.89
158 158 -43.56
158 159 10.89
158 190 10.89
159 127 10.89
159 158 10.89
159 159 -43.56
159 191 10.89
160 128 10.89
160 160 -43.56
160 161 10.89
160 192 10.89
161 129 10.89
161 160 10.89
161 161 -43.56
161 162 10.89
161 193 10.89
162 130 10.89
162 161 10.89
162 162 -43.56
162 163 10.89
162 194 10.89
163 131 10.89
163 162 10.89
163 163 -43.56
163 164 10.89
163 195 10.89
164 132 10.89
164 163 10.89
164 164 -43.56
164 165 10.89
164 196 10.89
165 133 10.89
165 164 10.89
165 165 -43.56
165 166 10.89
165 197 10.89
166 134 10.89
166 165 10.89
166 166 -43.56
166 167 10.89
166 198 10.89
167 135 10.89
167 166 10.89
167 167 -43.56
167 168 10.89
167 199 10.89
168 136 10.89
168 167 10.89
168 168 -43.56
168 169 10.89
168 200 10.89
169 137 10.89
169 168 10.89
169 169 -43.56
169 170 10.89
169 201 10.89
170 138 10.89
170 169 10.89
170 170 -43.56
170 171 10.89
170 202 10.89
171 139 10.89
171 170 10.89
171 171 -43.56
171 172 10.89
171 203 10.89
172 140 10.89
172 171 10.89
172 172 -43.56
172 173 10.89
172 204 10.89
173 141 10.89
173 172 10.89
173 173 -43.56
173 174 10.89
173 205 10.89
174 142 10.89
174 173 10.89
174 174 -43.56
174 175 10.89
174 206 10.89
175 143 10.89
175 174 10.89
175 175 -43.56
175 176 10.89
175 207 10.89
176 144 10.89
176 175 10.89
176 176 -43.56
176 177 10.89
176 208 10.89
177 145 10.89
177 176 10.89
177 177 -43.56
177 178 10.89
177 209 10.89
178 146 10.89
178 177 10.89
178 178 -43.56
178 179 10.89
178 210 10.89
179 147 10.89
179 178 10.89
179 179 -43.56
179 180 10.89
179 211 10.89
180 148 10.89
180 179 10.89
180 180 -43.56
180 181 10.89
180 212 10.89
181 149 10.89
181 180 10.89
181 181 -43.56
181 182 10.89
181 213 10.89
182 150 10.89
182 181 10.89
182 182 -43.56
182 183 10.89
182 214 10.89
183 151 10.89
183 182 10.89
183 183 -43.56
183 184 10.89
183 215 10.89
184 152 10.89
184 183 10.89
184 184 -43.56
184 185 10.89
184 216 10.89
185 153 10.89
185 184 10.89
185 185 -43.56
185 186 10.89
185 217 10.89
186 154 10.89
186 185 10.89
186 186 -43.56
186 187 10.89
186 218 10.89
187 155 10.89
187 186 10.89
187 187 -43.56
187 188 10.89
187 219 10.89
188 156 10.89
188 187 10.89
188 188 -43.56
188 189 10.89
188 220 10.89
189 157 10.89
189 188 10.89
189 189 -43.56
189 190 10.89
189 221 10.89
190 158 10.89
190 189 10.89
190 190 -43.56
190 191 10.89
190 222 10.89
191 159 10.89
191 190 10.89
191 191 -43.56
191 223 10.89
192 160 10.89
192 192 -43.56
192 193 10.89
192 224 10.89
193 161 10.89
193 192 10.89
193 193 -43.56
193 194 10.89
193 225 10.89
194 162 10.89
194 193 10.89
194 194 -43.56
194 195 10.89
194 226 10.89
195 163 10.89
195 194 10.89
195 195 -43.56
195 196 10.89
195 227 10.89
196 164 10.89
196 195 10.89
196 196 -43.56
196 197 10.89
196 228 10.89
197 165 10.89
197 196 10.89
197 197 -43.56
197 198 10.89
197 229 10.89
198 166 10.89
198 197 10.89
198 198 -43.56
198 199 10.89
198 230 10.89
199 167 10.89
199 198 10.89
199 199 -43.56
199 200 10.89
199 231 10.89
200 168 10.89
200 199 10.89
200 200 -43.56
200 201 10.89
200 232 10.89
201 169 10.89
201 200 10.89
201 201 -43.56
201 202 10.89
201 233 10.89
202 170 10.89
202 201 10.89
202 202 -43.56
202 203 10.89
202 234 10.89
203 171 10.89
203 202 10.89
203 203 -43.56
203 204 10.89
203 235 10.89
204 172 10.89
204 203 10.89
204 204 -43.56
204 205 10.89
204 236 10.89
205 173 10.89
205 204 10.89
205 205 -43.56
205 206 10.89
205 237 10.89
206 174 10.89
206 205 10.89
206 206 -43.56
206 207 10.89
206 238 10.89
207 175 10.89
207 206 10.89
207 207 -43.56
207 208 10.89
207 239 10.89
208 176 10.89
208 207 10.89
208 208 -43.56
208 209 10.89
208 240 10.89
209 177 10.89
209 208 10.89
209 209 -43.56
209 210 10.89
209 241 10.89
210 178 10.89
210 209 10.89
210 210 -43.56
210 211 10.89
210 242 10.89
211 179 10.89
211 210 10.89
211 211 -43.56
211 212 10.89
211 243 10.89
212 180 10.89
212 211 10.89
212 212 -43.56
212 213 10.89
212 244 10.89
213 181 10.89
213 212 10.89
213 213 -43.56
213 214 10.89
213 245 10.89
214 182 10.89
214 213 10.89
214 214 -43.56
214 215 10.89
214 246 10.89
215 183 10.89
215 214 10.89
215 215 -43.56
215 216 10.89
215 247 10.89
216 184 10.89
216 215 10.89
216 216 -43.56
216 217 10.89
216 248 10.89
217 185 10.89
217 216 10.89
217 217 -43.56
217 218 10.89
217 249 10.89
218 186 10.89
218 217 10.89
218 218 -43.56
218 219 10.89
218 250 10.89
219 187 10.89
219 218 10.89
219 219 -43.56
219 220 10.89
219 251 10.89
220 188 10.89
220 219 10.89
220 220 -43.56
220 221 10.89
220 252 10.89
221 189 10.89
221 220 10.89
221 221 -43.56
221 222 10.89
221 253 10.89
222 190 10.89
222 221 10.89
222 222 -43.56
222 223 10.89
222 254 10.89
223 191 10.89
223 222 10.89
223 223 -43.56
223 255 10.89
224 192 10.89
224 224 -43.56
224 225 10.89
224 256 10.89
225 193 10.89
225 224 10.89
225 225 -43.56
225 226 10.89
225 257 10.89
226 194 10.89
226 225 10.89
226 226 -43.56
226 227 10.89
226 258 10.89
227 195 10.89
227 226 10.89
227 227 -43.56
227 228 10.89
227 259 10.89
228 196 10.89
228 227 10.89
228 228 -43.56
228 229 10.89
228 260 10.89
229 197 10.89
229 228 10.89
229 229 -43.56
229 230 10.89
229 261 10.89
230 198 10.89
230 229 10.89
230 230 -43.56
230 231 10.89
230 262 10.89
231 199 10.89
231 230 10.89
231 231 -43.56
231 232 10.89
231 263 10.89
232 200 10.89
232 231 10.89
232 232 -43.56
232 233 10.89
232 264 10.89
233 201 10.89
233 232 10.89
233 233 -43.56
233 234 10.89
233 265 10.89
234 202 10.89
234 233 10.89
234 234 -43.56
234 235 10.89
234 266 10.89
235 203 10.89
235 234 10.89
235 235 -43.56
235 236 10.89
235 267 10.89
236 204 10.89
236 235 10.89
236 236 -43.56
236 237 10.89
236 268 10.89
237 205 10.89
237 236 10.89
237 237 -43.56
237 238 10.89
237 269 10.89
238 206 10.89
238 237 10.89
238 238 -43.56
238 239 10.89
238 270 10.89
239 207 10.89
239 238 10.89
239 239 -43.56
239 240 10.89
239 271 10.89
240 208 10.89
240 239 10.89
240 240 -43.56
240 241 10.89
240 272 10.89
241 209 10.89
241 240 10.89
241 241 -43.56
241 242 10.89
241 273 10.89
242 210 10.89
242 241 10.89
242 242 -43.56
242 243 10.89
242 274 10.89
243 211 10.89
243 242 10.89
243 243 -43.56
243 244 10.89
243 275 10.89
244 212 10.89
244 243 10.89
244 244 -43.56
244 245 10.89
244 276 10.89
245 213 10.89
245 244 10.89
245 245 -43.56
245 246 10.89
245 277 10.89
246 214 10.89
246 245 10.89
246 246 -43.56
246 247 10.89
246 278 10.89
247 215 10.89
247 246 10.89
247 247 -43.56
247 248 10.89
247 279 10.89
248 216 10.89
248 247 10.89
248 248 -43.56
248 249 10.89
248 280 10.89
249 217 10.89
249 248 10.89
249 249 -43.56
249 250 10.89
249 281 10.89
250 218 10.89
250 249 10.89
250 250 -43.56
250 251 10.89
250 282 10.89
251 219 10.89
251 250 10.89
251 251 -43.56
251 252 10.89
251 283 10.89
252 220 10.89
252 251 10.89
252 252 -43.56
252 253 10.89
252 284 10.89
253 221 10.89
253 252 10.89
253 253 -43.56
253 254 10.89
253 285 10.89
254 222 10.89
254 253 10.89
254 254 -43.56
254 255 10.89
254 286 10.89
255 223 10.89
255 254 10.89
255 255 -43.56
255 287 10.89
256 224 10.89
256 256 -43.56
256 257 10.89
256 288 10.89
257 225 10.89
257 256 10.89
257 257 -43.56
257 258 10.89
257 289 10.89
258 226 10.89
258 257 10.89
258 258 -43.56
258 259 10.89
258 290 10.89
259 227 10.89
259 258 10.89
259 259 -43.56
259 260 10.89
259 291 10.89
260 228 10.89
260 259 10.89
260 260 -43.56
260 261 10.89
260 292 10.89
261 229 10.89
261 260 10.89
261 261 -43.56
261 262 10.89
261 293 10.89
262 230 10.89
262 261 10.89
262 262 -43.56
262 263 10.89
262 294 10.89
263 231 10.89
263 262 10.89
263 263 -43.56
263 264 10.89
263 295 10.89
264 232 10.89
264 263 10.89
264 264 -43.56
264 265 10.89
264 296 10.89
265 233 10.89
265 264 10.89
265 265 -43.56
265 266 10.89
265 297 10.89
266 234 10.89
266 265 10.89
266 266 -43.56
266 267 10.89
266 298 10.89
267 235 10.89
267 266 10.89
267 267 -43.56
267 268 10.89
267 299 10.89
268 236 10.89
268 267 10.89
268 268 -43.56
268 269 10.89
268 300 10.89
269 237 10.89
269 268 10.89
269 269 -43.56
269 270 10.89
269 301 10.89
270 238 10.89
270 269 10.89
270 270 -43.56
270 271 10.89
270 302 10.89
271 239 10.89
271 270 10.89
271 271 -43.56
271 272 10.89
271 303 10.89
272 240 10.89
272 271 10.89
272 272 -43.56
272 273 10.89
272 304 10.89
273 241 10.89
273 272 10.89
273 273 -43.56
273 274 10.89
273 305 10.89
274 242 10.89
274 273 10.89
274 274 -43.56
274 275 10.89
274 306 10.89
275 243 10.89
275 274 10.89
275 275 -43.56
275 276 10.89
275 307 10.89
276 244 10.89
276 275 10.89
276 276 -43.56
276 277 10.89
276 308 10.89
277 245 10.89
277 276 10.89
277 277 -43.56
277 278 10.89
277 309 10.89
278 246 10.89
278 277 10.89
278 278 -43.56
278 279 10.89
278 310 10.89
279 247 10.89
279 278 10.89
279 279 -43.56
279 280 10.89
279 311 10.89
280 248 10.89
280 279 10.89
280 280 -43.56
280 281 10.89
280 312 10.89
281 249 10.89
281 280 10.89
281 281 -43.56
281 282 10.89
281 313 10.89
282 250 10.89
282 281 10.89
282 282 -43.56
282 283 10.89
282 314 10.89
283 251 10.89
283 282 10.89
283 283 -43.56
283 284 10.89
283 315 10.89
284 252 10.89
284 283 10.89
284 284 -43.56
284 285 10.89
284 316 10.89
285 253 10.89
285 284 10.89
285 285 -43.56
285 286 10.89
285 317 10.89
286 254 10.89
286 285 10.89
286 286 -43.56
286 287 10.89
286 318 10.89
287 255 10.89
287 286 10.89
287 287 -43.56
287 319 10.89
288 256 10.89
288 288 -43.56
288 289 10.89
288 320 10.89
289 257 10.89
289 288 10.89
289 289 -43.56
289 290 10.89
289 321 10.89
290 258 10.89
290 289 10.89
290 290 -43.56
290 291 10.89
290 322 10.89
291 259 10.89
291 290 10.89
291 291 -43.56
291 292 10.89
291 323 10.89
292 260 10.89
292 291 10.89
292 292 -43.56
292 293 10.89
292 324 10.89
293 261 10.89
293 292 10.89
293 293 -43.56
293 294 10.89
293 325 10.89
294 262 10.89
294 293 10.89
294 294 -43.56
294 295 10.89
294 326 10.89
295 263 10.89
295 294 10.89
295 295 -43.56
295 296 10.89
295 327 10.89
296 264 10.89
296 295 10.89
296 296 -43.56
296 297 10.89
296 328 10.89
297 265 10.89
297 296 10.89
297 297 -43.56
297 298 10.89
297 329 10.89
298 266 10.89
298 297 10.89
298 298 -43.56
298 299 10.89
298 330 10.89
299 267 10.89
299 298 10.89
299 299 -43.56
299 300 10.89
299 331 10.89
300 268 10.89
300 299 10.89
300 300 -43.56
300 301 10.89
300 332 10.89
301 269 10.89
301 300 10.89
301 301 -43.56
301 302 10.89
301 333 10.89
302 270 10.89
302 301 10.89
302 302 -43.56
302 303 10.89
302 334 10.89
303 271 10.89
303 302 10.89
303 303 -43.56
303 304 10.89
303 335 10.89
304 272 10.89
304 303 10.89
304 304 -43.56
304 305 10.89
304 336 10.89
305 273 10.89
305 304 10.89
305 305 -43.56
305 306 10.89
305 337 10.89
306 274 10.89
306 305 10.89
306 306 -43.56
306 307 10.89
306 338 10.89
307 275 10.89
307 306 10.89
307 307 -43.56
307 308 10.89
307 339 10.89
308 276 10.89
308 307 10.89
308 308 -43.56
308 309 10.89
308 340 10.89
309 277 10.89
309 308 10.89
309 309 -43.56
309 310 10.89
309 341 10.89
310 278 10.89
310 309 10.89
310 310 -43.56
310 311 10.89
310 342 10.89
311 279 10.89
311 310 10.89
311 311 -43.56
311 312 10.89
311 343 10.89
312 280 10.89
312 311 10.89
312 312 -43.56
312 313 10.89
312 344 10.89
313 281 10.89
313 312 10.89
313 313 -43.56
313 314 10.89
313 345 10.89
314 282 10.89
314 313 10.89
314 314 -43.56
314 315 10.89
314 346 10.89
315 283 10.89
315 314 10.89
315 315 -43.56
315 316 10.89
315 347 10.89
316 284 10.89
316 315 10.89
316 316 -43.56
316 317 10.89
316 348 10.89
317 285 10.89
317 316 10.89
317 317 -43.56
317 318 10.89
317 349 10.89
318 286 10.89
318 317 10.89
318 318 -43.56
318 319 10.89
318 350 10.89
319 287 10.89
319 318 10.89
319 319 -43.56
319 351 10.89
320 288 10.89
320 320 -43.56
320 321 10.89
320 352 10.89
321 289 10.89
321 320 10.89
321 321 -43.56
321 322 10.89
321 353 10.89
322 290 10.89
322 321 10.89
322 322 -43.56
322 323 10.89
322 354 10.89
323 291 10.89
323 322 10.89
323 323 -43.56
323 324 10.89
323 355 10.89
324 292 10.89
324 323 10.89
324 324 -43.56
324 325 10.89
324 356 10.89
325 293 10.89
325 324 10.89
325 325 -43.56
325 326 10.89
325 357 10.89
326 294 10.89
326 325 10.89
326 326 -43.56
326 327 10.89
326 358 10.89
327 295 10.89
327 326 10.89
327 327 -43.56
327 328 10.89
327 359 10.89
328 296 10.89
328 327 10.89
328 328 -43.56
328 329 10.89
328 360 10.89
329 297 10.89
329 328 10.89
329 329 -43.56
329 330 10.89
329 361 10.89
330 298 10.89
330 329 10.89
330 330 -43.56
330 331 10.89
330 362 10.89
331 299 10.89
331 330 10.89
331 331 -43.56
331 332 10.89
331 363 10.89
332 300 10.89
332 331 10.89
332 332 -43.56
332 333 10.89
332 364 10.89
333 301 10.89
333 332 10.89
333 333 -43.56
333 334 10.89
333 365 10.89
334 302 10.89
334 333 10.89
334 334 -43.56
334 335 10.89
334 366 10.89
335 303 10.89
335 334 10.89
335 335 -43.56
335 336 10.89
335 367 10.89
336 304 10.89
336 335 10.89
336 336 -43.56
336 337 10.89
336 368 10.89
337 305 10.89
337 336 10.89
337 337 -43.56
337 338 10.89
337 369 10.89
338 306 10.89
338 337 10.89
338 338 -43.56
338 339 10.89
338 370 10.89
339 307 10.89
339 338 10.89
339 339 -43.56
339 340 10.89
339 371 10.89
340 308 10.89
340 339 10.89
340 340 -43.56
340 341 10.89
340 372 10.89
341 309 10.89
341 340 10.89
341 341 -43.56
341 342 10.89
341 373 10.89
342 310 10.89
342 341 10.89
342 342 -43.56
342 343 10.89
342 374 10.89
343 311 10.89
343 342 10.89
343 343 -43.56
343 344 10.89
343 375 10.89
344 312 10.89
344 343 10.89
344 344 -43.56
344 345 10.89
344 376 10.89
345 313 10.89
345 344 10.89
345 345 -43.56
345 346 10.89
345 377 10.89
346 314 10.89
346 345 10.89
346 346 -43.56
346 347 10.89
346 378 10.89
347 315 10.89
347 346 10.89
347 347 -43.56
347 348 10.89
347 379 10.89
348 316 10.89
348 347 10.89
348 348 -43.56
348 349 10.89
348 380 10.89
349 317 10.89
349 348 10.89
349 349 -43.56
349 350 10.89
349 381 10.89
350 318 10.89
350 349 10.89
350 350 -43.56
350 351 10.89
350 382 10.89
351 319 10.89
351 350 10.89
351 351 -43.56
351 383 10.89
352 320 10.89
352 352 -43.56
352 353 10.89
352 384 10.89
353 321 10.89
353 352 10.89
353 353 -43.56
353 354 10.89
353 385 10.89
354 322 10.89
354 353 10.89
354 354 -43.56
354 355 10.89
354 386 10.89
355 323 10.89
355 354 10.89
355 355 -43.56
355 356 10.89
355 387 10.89
356 324 10.89
356 355 10.89
356 356 -43.56
356 357 10.89
356 388 10.89
357 325 10.89
357 356 10.89
357 357 -43.56
357 358 10.89
357 389 10.89
358 326 10.89
358 357 10.89
358 358 -43.56
358 359 10.89
358 390 10.89
359 327 10.89
359 358 10.89
359 359 -43.56
359 360 10.89
359 391 10.89
360 328 10.89
360 359 10.89
360 360 -43.56
360 361 10.89
360 392 10.89
361 329 10.89
361 360 10.89
361 361 -43.56
361 362 10.89
361 393 10.89
362 330 10.89
362 361 10.89
362 362 -43.56
362 363 10.89
362 394 10.89
363 331 10.89
363 362 10.89
363 363 -43.56
363 364 10.89
363 395 10.89
364 332 10.89
364 363 10.89
364 364 -43.56
364 365 10.89
364 396 10.89
365 333 10.89
365 364 10.89
365 365 -43.56
365 366 10.89
365 397 10.89
366 334 10.89
366 365 10.89
366 366 -43.56
366 367 10.89
366 398 10.89
367 335 10.89
367 366 10.89
367 367 -43.56
367 368 10.89
367 399 10.89
368 336 10.89
368 367 10.89
368 368 -43.56
368 369 10.89
368 400 10.89
369 337 10.89
369 368 10.89
369 369 -43.56
369 370 10.89
369 401 10.89
370 338 10.89
370 369 10.89
370 370 -43.56
370 371 10.89
370 402 10.89
371 339 10.89
371 370 10.89
371 371 -43.56
371 372 10.89
371 403 10.89
372 340 10.89
372 371 10.89
372 372 -43.56
372 373 10.89
372 404 10.89
373 341 10.89
373 372 10.89
373 373 -43.56
373 374 10.89
373 405 10.89
374 342 10.89
374 373 10.89
374 374 -43.56
374 375 10.89
374 406 10.89
375 343 10.89
375 374 10.89
375 375 -43.56
375 376 10.89
375 407 10.89
376 344 10.89
376 375 10.89
376 376 -43.56
376 377 10.89
376 408 10.89
377 345 10.89
377 376 10.89
377 377 -43.56
377 378 10.89
377 409 10.89
378 346 10.89
378 377 10.89
378 378 -43.56
378 379 10.89
378 410 10.89
379 347 10.89
379 378 10.89
379 379 -43.56
379 380 10.89
379 411 10.89
380 348 10.89
380 379 10.89
380 380 -43.56
380 381 10.89
380 412 10.89
381 349 10.89
381 380 10.89
381 381 -43.56
381 382 10.89
381 413 10.89
382 350 10.89
382 381 10.89
382 382 -43.56
382 383 10.89
382 414 10.89
383 351 10.89
383 382 10.89
383 383 -43.56
383 415 10.89
384 352 10.89
384 384 -43.56
384 385 10.89
384 416 10.89
385 353 10.89
385 384 10.89
385 385 -43.56
385 386 10.89
385 417 10.89
386 354 10.89
386 385 10.89
386 386 -43.56
386 387 10.89
386 418 10.89
387 355 10.89
387 386 10.89
387 387 -43.56
387 388 10.89
387 419 10.89
388 356 10.89
388 387 10.89
388 388 -43.56
388 389 10.89
388 420 10.89
389 357 10.89
389 388 10.89
389 389 -43.56
389 390 10.89
389 421 10.89
390 358 10.89
390 389 10.89
390 390 -43.56
390 391 10.89
390 422 10.89
391 359 10.89
391 390 10.89
391 391 -43.56
391 392 10.89
391 423 10.89
392 360 10.89
392 391 10.89
392 392 -43.56
392 393 10.89
392 424 10.89
393 361 10.89
393 392 10.89
393 393 -43.56
393 394 10.89
393 425 10.89
394 362 10.89
394 393 10.89
394 394 -43.56
394 395 10.89
394 426 10.89
395 363 10.89
395 394 10.89
395 395 -43.56
395 396 10.89
395 427 10.89
396 364 10.89
396 395 10.89
396 396 -43.56
396 397 10.89
396 428 10.89
397 365 10.89
397 396 10.89
397 397 -43.56
397 398 10.89
397 429 10.89
398 366 10.89
398 397 10.89
398 398 -43.56
398 399 10.89
398 430 10.89
399 367 10.89
399 398 10.89
399 399 -43.56
399 400 10.89
399 431 10.89
400 368 10.89
400 399 10.89
400 400 -43.56
400 401 10.89
400 432 10.89
401 369 10.89
401 400 10.89
401 401 -43.56
401 402 10.89
401 433 10.89
402 370 10.89
402 401 10.89
402 402 -43.56
402 403 10.89
402 434 10.89
403 371 10.89
403 402 10.89
403 403 -43.56
403 404 10.89
403 435 10.89
404 372 10.89
404 403 10.89
404 404 -43.56
404 405 10.89
404 436 10.89
405 373 10.89
405 404 10.89
405 405 -43.56
405 406 10.89
405 437 10.89
406 374 10.89
406 405 10.89
406 406 -43.56
406 407 10.89
406 438 10.89
407 375 10.89
407 406 10.89
407 407 -43.56
407 408 10.89
407 439 10.89
408 376 10.89
408 407 10.89
408 408 -43.56
408 409 10.89
408 440 10.89
409 377 10.89
409 408 10.89
409 409 -43.56
409 410 10.89
409 441 10.89
410 378 10.89
410 409 10.89
410 410 -43.56
410 411 10.89
410 442 10.89
411 379 10.89
411 410 10.89
411 411 -43.56
411 412 10.89
411 443 10.89
412 380 10.89
412 411 10.89
412 412 -43.56
412 413 10.89
412 444 10.89
413 381 10.89
413 412 10.89
413 413 -43.56
413 414 10.89
413 445 10.89
414 382 10.89
414 413 10.89
414 414 -43.56
414 415 10.89
414 446 10.89
415 383 10.89
415 414 10.89
415 415 -43.56
415 447 10.89
416 384 10.89
416 416 -43.56
416 417 10.89
416 448 10.89
417 385 10.89
417 416 10.89
417 417 -43.56
417 418 10.89
417 449 10.89
418 386 10.89
418 417 10.89
418 418 -43.56
418 419 10.89
418 450 10.89
419 387 10.89
419 418 10.89
419 419 -43.56
419 420 10.89
419 451 10.89
420 388 10.89
420 419 10.89
420 420 -43.56
420 421 10.89
420 452 10.89
421 389 10.89
421 420 10.89
421 421 -43.56
421 422 10.89
421 453 10.89
422 390 10.89
422 421 10.89
422 422 -43.56
422 423 10.89
422 454 10.89
423 391 10.89
423 422 10.89
423 423 -43.56
423 424 10.89
423 455 10.89
424 392 10.89
424 423 10.89
424 424 -43.56
424 425 10.89
424 456 10.89
425 393 10.89
425 424 10.89
425 425 -43.56
425 426 10.89
425 457 10.89
426 394 10.89
426 425 10.89
426 426 -43.56
426 427 10.89
426 458 10.89
427 395 10.89
427 426 10.89
427 427 -43.56
427 428 10.89
427 459 10.89
428 396 10.89
428 427 10.89
428 428 -43.56
428 429 10.89
428 460 10.89
429 397 10.89
429 428 10.89
429 429 -43.56
429 430 10.89
429 461 10.89
430 398 10.89
430 429 10.89
430 430 -43.56
430 431 10.89
430 462 10.89
431 399 10.89
431 430 10.89
431 431 -43.56
431 432 10.89
431 463 10.89
432 400 10.89
432 431 10.89
432 432 -43.56
432 433 10.89
432 464 10.89
433 401 10.89
433 432 10.89
433 433 -43.56
433 434 10.89
433 465 10.89
434 402 10.89
434 433 10.89
434 434 -43.56
434 435 10.89
434 466 10.89
435 403 10.89
435 434 10.89
435 435 -43.56
435 436 10.89
435 467 10.89
436 404 10.89
436 435 10.89
436 436 -43.56
436 437 10.89
436 468 10.89
437 405 10.89
437 436 10.89
437 437 -43.56
437 438 10.89
437 469 10.89
438 406 10.89
438 437 10.89
438 438 -43.56
438 439 10.89
438 470 10.89
439 407 10.89
439 438 10.89
439 439 -43.56
439 440 10.89
439 471 10.89
440 408 10.89
440 439 10.89
440 440 -43.56
440 441 10.89
440 472 10.89
441 409 10.89
441 440 10.89
441 441 -43.56
441 442 10.89
441 473 10.89
442 410 10.89
442 441 10.89
442 442 -43.56
442 443 10.89
442 474 10.89
443 411 10.89
443 442 10.89
443 443 -43.56
443 444 10.89
443 475 10.89
444 412 10.89
444 443 10.89
444 444 -43.56
444 445 10.89
444 476 10.89
445 413 10.89
445 444 10.89
445 445 -43.56
445 446 10.89
445 477 10.89
446 414 10.89
446 445 10.89
446 446 -43.56
446 447 10.89
446 478 10.89
447 415 10.89
447 446 10.89
447 447 -43.56
447 479 10.89
448 416 10.89
448 448 -43.56
448 449 10.89
448 480 10.89
449 417 10.89
449 448 10.89
449 449 -43.56
449 450 10.89
449 481 10.89
450 418 10.89
450 449 10.89
450 450 -43.56
450 451 10.89
450 482 10.89
451 419 10.89
451 450 10.89
451 451 -43.56
451 452 10.89
451 483 10.89
452 420 10.89
452 451 10.89
452 452 -43.56
452 453 10.89
452 484 10.89
453 421 10.89
453 452 10.89
453 453 -43.56
453 454 10.89
453 485 10.89
454 422 10.89
454 453 10.89
454 454 -43.56
454 455 10.89
454 486 10.89
455 423 10.89
455 454 10.89
455 455 -43.56
455 456 10.89
455 487 10.89
456 424 10.89
456 455 10.89
456 456 -43.56
456 457 10.89
456 488 10.89
457 425 10.89
457 456 10.89
457 457 -43.56
457 458 10.89
457 489 10.89
458 426 10.89
458 457 10.89
458 458 -43.56
458 459 10.89
458 490 10.89
459 427 10.89
459 458 10.89
459 459 -43.56
459 460 10.89
459 491 10.89
460 428 10.89
460 459 10.89
460 460 -43.56
460 461 10.89
460 492 10.89
461 429 10.89
461 460 10.89
461 461 -43.56
461 462 10.89
461 493 10.89
462 430 10.89
462 461 10.89
462 462 -43.56
462 463 10.89
462 494 10.89
463 431 10.89
463 462 10.89
463 463 -43.56
463 464 10.89
463 495 10.89
464 432 10.89
464 463 10.89
464 464 -43.56
464 465 10.89
464 496 10.89
465 433 10.89
465 464 10.89
465 465 -43.56
465 466 10.89
465 497 10.89
466 434 10.89
466 465 10.89
466 466 -43.56
466 467 10.89
466 498 10.89
467 435 10.89
467 466 10.89
467 467 -43.56
467 468 10.89
467 499 10.89
468 436 10.89
468 467 10.89
468 468 -43.56
468 469 10.89
468 500 10.89
469 437 10.89
469 468 10.89
469 469 -43.56
469 470 10.89
469 501 10.89
470 438 10.89
470 469 10.89
470 470 -43.56
470 471 10.89
470 502 10.89
471 439 10.89
471 470 10.89
471 471 -43.56
471 472 10.89
471 503 10.89
472 440 10.89
472 471 10.89
472 472 -43.56
472 473 10.89
472 504 10.89
473 441 10.89
473 472 10.89
473 473 -43.56
473 474 10.89
473 505 10.89
474 442 10.89
474 473 10.89
474 474 -43.56
474 475 10.89
474 506 10.89
475 443 10.89
475 474 10.89
475 475 -43.56
475 476 10.89
475 507 10.89
476 444 10.89
476 475 10.89
476 476 -43.56
476 477 10.89
476 508 10.89
477 445 10.89
477 476 10.89
477 477 -43.56
477 478 10.89
477 509 10.89
478 446 10.89
478 477 10.89
478 478 -43.56
478 479 10.89
478 510 10.89
479 447 10.89
479 478 10.89
479 479 -43.56
479 511 10.89
480 448 10.89
480 480 -43.56
480 481 10.89
480 512 10.89
481 449 10.89
481 480 10.89
481 481 -43.56
481 482 10.89
481 513 10.89
482 450 10.89
482 481 10.89
482 482 -43.56
482 483 10.89
482 514 10.89
483 451 10.89
483 482 10.89
483 483 -43.56
483 484 10.89
483 515 10.89
484 452 10.89
484 483 10.89
484 484 -43.56
484 485 10.89
484 516 10.89
485 453 10.89
485 484 10.89
485 485 -43.56
485 486 10.89
485 517 10.89
486 454 10.89
486 485 10.89
486 486 -43.56
486 487 10.89
486 518 10.89
487 455 10.89
487 486 10.89
487 487 -43.56
487 488 10.89
487 519 10.89
488 456 10.89
488 487 10.89
488 488 -43.56
488 489 10.89
488 520 10.89
489 457 10.89
489 488 10.89
489 489 -43.56
489 490 10.89
489 521 10.89
490 458 10.89
490 489 10.89
490 490 -43.56
490 491 10.89
490 522 10.89
491 459 10.89
491 490 10.89
491 491 -43.56
491 492 10.89
491 523 10.89
492 460 10.89
492 491 10.89
492 492 -43.56
492 493 10.89
492 524 10.89
493 461 10.89
493 492 10.89
493 493 -43.56
493 494 10.89
493 525 10.89
494 462 10.89
494 493 10.89
494 494 -43.56
494 495 10.89
494 526 10.89
495 463 10.89
495 494 10.89
495 495 -43.56
495 496 10.89
495 527 10.89
496 464 10.89
496 495 10.89
496 496 -43.56
496 497 10.89
496 528 10.89
497 465 10.89
497 496 10.89
497 497 -43.56
497 498 10.89
497 529 10.89
498 466 10.89
498 497 10.89
498 498 -43.56
498 499 10.89
498 530 10.89
499 467 10.89
499 498 10.89
499 499 -43.56
499 500 10.89
499 531 10.89
500 468 10.89
500 499 10.89
500 500 -43.56
500 501 10.89
500 532 10.89
501 469 10.89
501 500 10.89
501 501 -43.56
501 502 10.89
501 533 10.89
502 470 10.89
502 501 10.89
502 502 -43.56
502 503 10.89
502 534 10.89
503 471 10.89
503 502 10.89
503 503 -43.56
503 504 10.89
503 535 10.89
504 472 10.89
504 503 10.89
504 504 -43.56
504 505 10.89
504 536 10.89
505 473 10.89
505 504 10.89
505 505 -43.56
505 506 10.89
505 537 10.89
506 474 10.89
506 505 10.89
506 506 -43.56
506 507 10.89
506 538 10.89
507 475 10.89
507 506 10.89
507 507 -43.56
507 508 10.89
507 539 10.89
508 476 10.89
508 507 10.89
508 508 -43.56
508 509 10.89
508 540 10.89
509 477 10.89
509 508 10.89
509 509 -43.56
509 510 10.89
509 541 10.89
510 478 10.89
510 509 10.89
510 510 -43.56
510 511 10.89
510 542 10.89
511 479 10.89
511 510 10.89
511 511 -43.56
511 543 10.89
512 480 10.89
512 512 -43.56
512 513 10.89
512 544 10.89
513 481 10.89
513 512 10.89
513 513 -43.56
513 514 10.89
513 545 10.89
514 482 10.89
514 513 10.89
514 514 -43.56
514 515 10.89
514 546 10.89
515 483 10.89
515 514 10.89
515 515 -43.56
515 516 10.89
515 547 10.89
516 484 10.89
516 515 10.89
516 516 -43.56
516 517 10.89
516 548 10.89
517 485 10.89
517 516 10.89
517 517 -43.56
517 518 10.89
517 549 10.89
518 486 10.89
518 517 10.89
518 518 -43.56
518 519 10.89
518 550 10.89
519 487 10.89
519 518 10.89
519 519 -43.56
519 520 10.89
519 551 10.89
520 488 10.89
520 519 10.89
520 520 -43.56
520 521 10.89
520 552 10.89
521 489 10.89
521 520 10.89
521 521 -43.56
521 522 10.89
521 553 10.89
522 490 10.89
522 521 10.89
522 522 -43.56
522 523 10.89
522 554 10.89
523 491 10.89
523 522 10.89
523 523 -43.56
523 524 10.89
523 555 10.89
524 492 10.89
524 523 10.89
524 524 -43.56
524 525 10.89
524 556 10.89
525 493 10.89
525 524 10.89
525 525 -43.56
525 526 10.89
525 557 10.89
526 494 10.89
526 525 10.89
526 526 -43.56
526 527 10.89
526 558 10.89
527 495 10.89
527 526 10.89
527 527 -43.56
527 528 10.89
527 559 10.89
528 496 10.89
528 527 10.89
528 528 -43.56
528 529 10.89
528 560 10.89
529 497 10.89
529 528 10.89
529 529 -43.56
529 530 10.89
529 561 10.89
530 498 10.89
530 529 10.89
530 530 -43.56
530 531 10.89
530 562 10.89
531 499 10.89
531 530 10.89
531 531 -43.56
531 532 10.89
531 563 10.89
532 500 10.89
532 531 10.89
532 532 -43.56
532 533 10.89
532 564 10.89
533 501 10.89
533 532 10.89
533 533 -43.56
533 534 10.89
533 565 10.89
534 502 10.89
534 533 10.89
534 534 -43.56
534 535 10.89
534 566 10.89
535 503 10.89
535 534 10.89
535 535 -43.56
535 536 10.89
535 567 10.89
536 504 10.89
536 535 10.89
536 536 -43.56
536 537 10.89
536 568 10.89
537 505 10.89
537 536 10.89
537 537 -43.56
537 538 10.89
537 569 10.89
538 506 10.89
538 537 10.89
538 538 -43.56
538 539 10.89
538 570 10.89
539 507 10.89
539 538 10.89
539 539 -43.56
539 540 10.89
539 571 10.89
540 508 10.89
540 539 10.89
540 540 -43.56
540 541 10.89
540 572 10.89
541 509 10.89
541 540 10.89
541 541 -43.56
541 542 10.89
541 573 10.89
542 510 10.89
542 541 10.89
542 542 -43.56
542 543 10.89
542 574 10.89
543 511 10.89
543 542 10.89
543 543 -43.56
543 575 10.89
544 512 10.89
544 544 -43.56
544 545 10.89
544 576 10.89
545 513 10.89
545 544 10.89
545 545 -43.56
545 546 10.89
545 577 10.89
546 514 10.89
546 545 10.89
546 546 -43.56
546 547 10.89
546 578 10.89
547 515 10.89
547 546 10.89
547 547 -43.56
547 548 10.89
547 579 10.89
548 516 10.89
548 547 10.89
548 548 -43.56
548 549 10.89
548 580 10.89
549 517 10.89
549 548 10.89
549 549 -43.56
549 550 10.89
549 581 10.89
550 518 10.89
550 549 10.89
550 550 -43.56
550 551 10.89
550 582 10.89
551 519 10.89
551 550 10.89
551 551 -43.56
551 552 10.89
551 583 10.89
552 520 10.89
552 551 10.89
552 552 -43.56
552 553 10.89
552 584 10.89
553 521 10.89
553 552 10.89
553 553 -43.56
553 554 10.89
553 585 10.89
554 522 10.89
554 553 10.89
554 554 -43.56
554 555 10.89
554 586 10.89
555 523 10.89
555 554 10.89
555 555 -43.56
555 556 10.89
555 587 10.89
556 524 10.89
556 555 10.89
556 556 -43.56
556 557 10.89
556 588 10.89
557 525 10.89
557 556 10.89
557 557 -43.56
557 558 10.89
557 589 10.89
558 526 10.89
558 557 10.89
558 558 -43.56
558 559 10.89
558 590 10.89
559 527 10.89
559 558 10.89
559 559 -43.56
559 560 10.89
559 591 10.89
560 528 10.89
560 559 10.89
560 560 -43.56
560 561 10.89
560 592 10.89
561 529 10.89
561 560 10.89
561 561 -43.56
561 562 10.89
561 593 10.89
562 530 10.89
562 561 10.89
562 562 -43.56
562 563 10.89
562 594 10.89
563 531 10.89
563 562 10.89
563 563 -43.56
563 564 10.89
563 595 10.89
564 532 10.89
564 563 10.89
564 564 -43.56
564 565 10.89
564 596 10.89
565 533 10.89
565 564 10.89
565 565 -43.56
565 566 10.89
565 597 10.89
566 534 10.89
566 565 10.89
566 566 -43.56
566 567 10.89
566 598 10.89
567 535 10.89
567 566 10.89
567 567 -43.56
567 568 10.89
567 599 10.89
568 536 10.89
568 567 10.89
568 568 -43.56
568 569 10.89
568 600 10.89
569 537 10.89
569 568 10.89
569 569 -43.56
569 570 10.89
569 601 10.89
570 538 10.89
570 569 10.89
570 570 -43.56
570 571 10.89
570 602 10.89
571 539 10.89
571 570 10.89
571 571 -43.56
571 572 10.89
571 603 10.89
572 540 10.89
572 571 10.89
572 572 -43.56
572 573 10.89
572 604 10.89
573 541 10.89
573 572 10.89
573 573 -43.56
573 574 10.89
573 605 10.89
574 542 10.89
574 573 10.89
574 574 -43.56
574 575 10.89
574 606 10.89
575 543 10.89
575 574 10.89
575 575 -43.56
575 607 10.89
576 544 10.89
576 576 -43.56
576 577 10.89
576 608 10.89
577 545 10.89
577 576 10.89
577 577 -43.56
577 578 10.89
577 609 10.89
578 546 10.89
578 577 10.89
578 578 -43.56
578 579 10.89
578 610 10.89
579 547 10.89
579 578 10.89
579 579 -43.56
579 580 10.89
579 611 10.89
580 548 10.89
580 579 10.89
580 580 -43.56
580 581 10.89
580 612 10.89
581 549 10.89
581 580 10.89
581 581 -43.56
581 582 10.89
581 613 10.89
582 550 10.89
582 581 10.89
582 582 -43.56
582 583 10.89
582 614 10.89
583 551 10.89
583 582 10.89
583 583 -43.56
583 584 10.89
583 615 10.89
584 552 10.89
584 583 10.89
584 584 -43.56
584 585 10.89
584 616 10.89
585 553 10.89
585 584 10.89
585 585 -43.56
585 586 10.89
585 617 10.89
586 554 10.89
586 585 10.89
586 586 -43.56
586 587 10.89
586 618 10.89
587 555 10.89
587 586 10.89
587 587 -43.56
587 588 10.89
587 619 10.89
588 556 10.89
588 587 10.89
588 588 -43.56
588 589 10.89
588 620 10.89
589 557 10.89
589 588 10.89
589 589 -43.56
589 590 10.89
589 621 10.89
590 558 10.89
590 589 10.89
590 590 -43.56
590 591 10.89
590 622 10.89
591 559 10.89
591 590 10.89
591 591 -43.56
591 592 10.89
591 623 10.89
592 560 10.89
592 591 10.89
592 592 -43.56
592 593 10.89
592 624 10.89
593 561 10.89
593 592 10.89
593 593 -43.56
593 594 10.89
593 625 10.89
594 562 10.89
594 593 10.89
594 594 -43.56
594 595 10.89
594 626 10.89
595 563 10.89
595 594 10.89
595 595 -43.56
595 596 10.89
595 627 10.89
596 564 10.89
596 595 10.89
596 596 -43.56
596 597 10.89
596 628 10.89
597 565 10.89
597 596 10.89
597 597 -43.56
597 598 10.89
597 629 10.89
598 566 10.89
598 597 10.89
598 598 -43.56
598 599 10.89
598 630 10.89
599 567 10.89
599 598 10.89
599 599 -43.56
599 600 10.89
599 631 10.89
600 568 10.89
600 599 10.89
600 600 -43.56
600 601 10.89
600 632 10.89
601 569 10.89
601 600 10.89
601 601 -43.56
601 602 10.89
601 633 10.89
602 570 10.89
602 601 10.89
602 602 -43.56
602 603 10.89
602 634 10.89
603 571 10.89
603 602 10.89
603 603 -43.56
603 604 10.89
603 635 10.89
604 572 10.89
604 603 10.89
604 604 -43.56
604 605 10.89
604 636 10.89
605 573 10.89
605 604 10.89
605 605 -43.56
605 606 10.89
605 637 10.89
606 574 10.89
606 605 10.89
606 606 -43.56
606 607 10.89
606 638 10.89
607 575 10.89
607 606 10.89
607 607 -43.56
607 639 10.89
608 576 10.89
608 608 -43.56
608 609 10.89
608 640 10.89
609 577 10.89
609 608 10.89
609 609 -43.56
609 610 10.89
609 641 10.89
610 578 10.89
610 609 10.89
610 610 -43.56
610 611 10.89
610 642 10.89
611 579 10.89
611 610 10.89
611 611 -43.56
611 612 10.89
611 643 10.89
612 580 10.89
612 611 10.89
612 612 -43.56
612 613 10.89
612 644 10.89
613 581 10.89
613 612 10.89
613 613 -43.56
613 614 10.89
613 645 10.89
614 582 10.89
614 613 10.89
614 614 -43.56
614 615 10.89
614 646 10.89
615 583 10.89
615 614 10.89
615 615 -43.56
615 616 10.89
615 647 10.89
616 584 10.89
616 615 10.89
616 616 -43.56
616 617 10.89
616 648 10.89
617 585 10.89
617 616 10.89
617 617 -43.56
617 618 10.89
617 649 10.89
618 586 10.89
618 617 10.89
618 618 -43.56
618 619 10.89
618 650 10.89
619 587 10.89
619 618 10.89
619 619 -43.56
619 620 10.89
619 651 10.89
620 588 10.89
620 619 10.89
620 620 -43.56
620 621 10.89
620 652 10.89
621 589 10.89
621 620 10.89
621 621 -43.56
621 622 10.89
621 653 10.89
622 590 10.89
622 621 10.89
622 622 -43.56
622 623 10.89
622 654 10.89
623 591 10.89
623 622 10.89
623 623 -43.56
623 624 10.89
623 655 10.89
624 592 10.89
624 623 10.89
624 624 -43.56
624 625 10.89
624 656 10.89
625 593 10.89
625 624 10.89
625 625 -43.56
625 626 10.89
625 657 10.89
626 594 10.89
626 625 10.89
626 626 -43.56
626 627 10.89
626 658 10.89
627 595 10.89
627 626 10.89
627 627 -43.56
627 628 10.89
627 659 10.89
628 596 10.89
628 627 10.89
628 628 -43.56
628 629 10.89
628 660 10.89
629 597 10.89
629 628 10.89
629 629 -43.56
629 630 10.89
629 661 10.89
630 598 10.89
630 629 10.89
630 630 -43.56
630 631 10.89
630 662 10.89
631 599 10.89
631 630 10.89
631 631 -43.56
631 632 10.89
631 663 10.89
632 600 10.89
632 631 10.89
632 632 -43.56
632 633 10.89
632 664 10.89
633 601 10.89
633 632 10.89
633 633 -43.56
633 634 10.89
633 665 10.89
634 602 10.89
634 633 10.89
634 634 -43.56
634 635 10.89
634 666 10.89
635 603 10.89
635 634 10.89
635 635 -43.56
635 636 10.89
635 667 10.89
636 604 10.89
636 635 10.89
636 636 -43.56
636 637 10.89
636 668 10.89
637 605 10.89
637 636 10.89
637 637 -43.56
637 638 10.89
637 669 10.89
638 606 10.89
638 637 10.89
638 638 -43.56
638 639 10.89
638 670 10.89
639 607 10.89
639 638 10.89
639 639 -43.56
639 671 10.89
640 608 10.89
640 640 -43.56
640 641 10.89
640 672 10.89
641 609 10.89
641 640 10.89
641 641 -43.56
641 642 10.89
641 673 10.89
642 610 10.89
642 641 10.89
642 642 -43.56
642 643 10.89
642 674 10.89
643 611 10.89
643 642 10.89
643 643 -43.56
643 644 10.89
643 675 10.89
644 612 10.89
644 643 10.89
644 644 -43.56
644 645 10.89
644 676 10.89
645 613 10.89
645 644 10.89
645 645 -43.56
645 646 10.89
645 677 10.89
646 614 10.89
646 645 10.89
646 646 -43.56
646 647 10.89
646 678 10.89
647 615 10.89
647 646 10.89
647 647 -43.56
647 648 10.89
647 679 10.89
648 616 10.89
648 647 10.89
648 648 -43.56
648 649 10.89
648 680 10.89
649 617 10.89
649 648 10.89
649 649 -43.56
649 650 10.89
649 681 10.89
650 618 10.89
650 649 10.89
650 650 -43.56
650 651 10.89
650 682 10.89
651 619 10.89
651 650 10.89
651 651 -43.56
651 652 10.89
651 683 10.89
652 620 10.89
652 651 10.89
652 652 -43.56
652 653 10.89
652 684 10.89
653 621 10.89
653 652 10.89
653 653 -43.56
653 654 10.89
653 685 10.89
654 622 10.89
654 653 10.89
654 654 -43.56
654 655 10.89
654 686 10.89
655 623 10.89
655 654 10.89
655 655 -43.56
655 656 10.89
655 687 10.89
656 624 10.89
656 655 10.89
656 656 -43.56
656 657 10.89
656 688 10.89
657 625 10.89
657 656 10.89
657 657 -43.56
657 658 10.89
657 689 10.89
658 626 10.89
658 657 10.89
658 658 -43.56
658 659 10.89
658 690 10.89
659 627 10.89
659 658 10.89
659 659 -43.56
659 660 10.89
659 691 10.89
660 628 10.89
660 659 10.89
660 660 -43.56
660 661 10.89
660 692 10.89
661 629 10.89
661 660 10.89
661 661 -43.56
661 662 10.89
661 693 10.89
662 630 10.89
662 661 10.89
662 662 -43.56
662 663 10.89
662 694 10.89
663 631 10.89
663 662 10.89
663 663 -43.56
663 664 10.89
663 695 10.89
664 632 10.89
664 663 10.89
664 664 -43.56
664 665 10.89
664 696 10.89
665 633 10.89
665 664 10.89
665 665 -43.56
665 666 10.89
665 697 10.89
666 634 10.89
666 665 10.89
666 666 -43.56
666 667 10.89
666 698 10.89
667 635 10.89
667 666 10.89
667 667 -43.56
667 668 10.89
667 699 10.89
668 636 10.89
668 667 10.89
668 668 -43.56
668 669 10.89
668 700 10.89
669 637 10.89
669 668 10.89
669 669 -43.56
669 670 10.89
669 701 10.89
670 638 10.89
670 669 10.89
670 670 -43.56
670 671 10.89
670 702 10.89
671 639 10.89
671 670 10.89
671 671 -43.56
671 703 10.89
672 640 10.89
672 672 -43.56
672 673 10.89
672 704 10.89
673 641 10.89
673 672 10.89
673 673 -43.56
673 674 10.89
673 705 10.89
674 642 10.89
674 673 10.89
674 674 -43.56
674 675 10.89
674 706 10.89
675 643 10.89
675 674 10.89
675 675 -43.56
675 676 10.89
675 707 10.89
676 644 10.89
676 675 10.89
676 676 -43.56
676 677 10.89
676 708 10.89
677 645 10.89
677 676 10.89
677 677 -43.56
677 678 10.89
677 709 10.89
678 646 10.89
678 677 10.89
678 678 -43.56
678 679 10.89
678 710 10.89
679 647 10.89
679 678 10.89
679 679 -43.56
679 680 10.89
679 711 10.89
680 648 10.89
680 679 10.89
680 680 -43.56
680 681 10.89
680 712 10.89
681 649 10.89
681 680 10.89
681 681 -43.56
681 682 10.89
681 713 10.89
682 650 10.89
682 681 10.89
682 682 -43.56
682 683 10.89
682 714 10.89
683 651 10.89
683 682 10.89
683 683 -43.56
683 684 10.89
683 715 10.89
684 652 10.89
684 683 10.89
684 684 -43.56
684 685 10.89
684 716 10.89
685 653 10.89
685 684 10.89
685 685 -43.56
685 686 10.89
685 717 10.89
686 654 10.89
686 685 10.89
686 686 -43.56
686 687 10.89
686 718 10.89
687 655 10.89
687 686 10.89
687 687 -43.56
687 688 10.89
687 719 10.89
688 656 10.89
688 687 10.89
688 688 -43.56
688 689 10.89
688 720 10.89
689 657 10.89
689 688 10.89
689 689 -43.56
689 690 10.89
689 721 10.89
690 658 10.89
690 689 10.89
690 690 -43.56
690 691 10.89
690 722 10.89
691 659 10.89
691 690 10.89
691 691 -43.56
691 692 10.89
691 723 10.89
692 660 10.89
692 691 10.89
692 692 -43.56
692 693 10.89
692 724 10.89
693 661 10.89
693 692 10.89
693 693 -43.56
693 694 10.89
693 725 10.89
694 662 10.89
694 693 10.89
694 694 -43.56
694 695 10.89
694 726 10.89
695 663 10.89
695 694 10.89
695 695 -43.56
695 696 10.89
695 727 10.89
696 664 10.89
696 695 10.89
696 696 -43.56
696 697 10.89
696 728 10.89
697 665 10.89
697 696 10.89
697 697 -43.56
697 698 10.89
697 729 10.89
698 666 10.89
698 697 10.89
698 698 -43.56
698 699 10.89
698 730 10.89
699 667 10.89
699 698 10.89
699 699 -43.56
699 700 10.89
699 731 10.89
700 668 10.89
700 699 10.89
700 700 -43.56
700 701 10.89
700 732 10.89
701 669 10.89
701 700 10.89
701 701 -43.56
701 702 10.89
701 733 10.89
702 670 10.89
702 701 10.89
702 702 -43.56
702 703 10.89
702 734 10.89
703 671 10.89
703 702 10.89
703 703 -43.56
703 735 10.89
704 672 10.89
704 704 -43.56
704 705 10.89
704 736 10.89
705 673 10.89
705 704 10.89
705 705 -43.56
705 706 10.89
705 737 10.89
706 674 10.89
706 705 10.89
706 706 -43.56
706 707 10.89
706 738 10.89
707 675 10.89
707 706 10.89
707 707 -43.56
707 708 10.89
707 739 10.89
708 676 10.89
708 707 10.89
708 708 -43.56
708 709 10.89
708 740 10.89
709 677 10.89
709 708 10.89
709 709 -43.56
709 710 10.89
709 741 10.89
710 678 10.89
710 709 10.89
710 710 -43.56
710 711 10.89
710 742 10.89
711 679 10.89
711 710 10.89
711 711 -43.56
711 712 10.89
711 743 10.89
712 680 10.89
712 711 10.89
712 712 -43.56
712 713 10.89
712 744 10.89
713 681 10.89
713 712 10.89
713 713 -43.56
713 714 10.89
713 745 10.89
714 682 10.89
714 713 10.89
714 714 -43.56
714 715 10.89
714 746 10.89
715 683 10.89
715 714 10.89
715 715 -43.56
715 716 10.89
715 747 10.89
716 684 10.89
716 715 10.89
716 716 -43.56
716 717 10.89
716 748 10.89
717 685 10.89
717 716 10.89
717 717 -43.56
717 718 10.89
717 749 10.89
718 686 10.89
718 717 10.89
718 718 -43.56
718 719 10.89
718 750 10.89
719 687 10.89
719 718 10.89
719 719 -43.56
719 720 10.89
719 751 10.89
720 688 10.89
720 719 10.89
720 720 -43.56
720 721 10.89
720 752 10.89
721 689 10.89
721 720 10.89
721 721 -43.56
721 722 10.89
721 753 10.89
722 690 10.89
722 721 10.89
722 722 -43.56
722 723 10.89
722 754 10.89
723 691 10.89
723 722 10.89
723 723 -43.56
723 724 10.89
723 755 10.89
724 692 10.89
724 723 10.89
724 724 -43.56
724 725 10.89
724 756 10.89
725 693 10.89
725 724 10.89
725 725 -43.56
725 726 10.89
725 757 10.89
726 694 10.89
726 725 10.89
726 726 -43.56
726 727 10.89
726 758 10.89
727 695 10.89
727 726 10.89
727 727 -43.56
727 728 10.89
727 759 10.89
728 696 10.89
728 727 10.89
728 728 -43.56
728 729 10.89
728 760 10.89
729 697 10.89
729 728 10.89
729 729 -43.56
729 730 10.89
729 761 10.89
730 698 10.89
730 729 10.89
730 730 -43.56
730 731 10.89
730 762 10.89
731 699 10.89
731 730 10.89
731 731 -43.56
731 732 10.89
731 763 10.89
732 700 10.89
732 731 10.89
732 732 -43.56
732 733 10.89
732 764 10.89
733 701 10.89
733 732 10.89
733 733 -43.56
733 734 10.89
733 765 10.89
734 702 10.89
734 733 10.89
734 734 -43.56
734 735 10.89
734 766 10.89
735 703 10.89
735 734 10.89
735 735 -43.56
735 767 10.89
736 704 10.89
736 736 -43.56
736 737 10.89
736 768 10.89
737 705 10.89
737 736 10.89
737 737 -43.56
737 738 10.89
737 769 10.89
738 706 10.89
738 737 10.89
738 738 -43.56
738 739 10.89
738 770 10.89
739 707 10.89
739 738 10.89
739 739 -43.56
739 740 10.89
739 771 10.89
740 708 10.89
740 739 10.89
740 740 -43.56
740 741 10.89
740 772 10.89
741 709 10.89
741 740 10.89
741 741 -43.56
741 742 10.89
741 773 10.89
742 710 10.89
742 741 10.89
742 742 -43.56
742 743 10.89
742 774 10.89
743 711 10.89
743 742 10.89
743 743 -43.56
743 744 10.89
743 775 10.89
744 712 10.89
744 743 10.89
744 744 -43.56
744 745 10.89
744 776 10.89
745 713 10.89
745 744 10.89
745 745 -43.56
745 746 10.89
745 777 10.89
746 714 10.89
746 745 10.89
746 746 -43.56
746 747 10.89
746 778 10.89
747 715 10.89
747 746 10.89
747 747 -43.56
747 748 10.89
747 779 10.89
748 716 10.89
748 747 10.89
748 748 -43.56
748 749 10.89
748 780 10.89
749 717 10.89
749 748 10.89
749 749 -43.56
749 750 10.89
749 781 10.89
750 718 10.89
750 749 10.89
750 750 -43.56
750 751 10.89
750 782 10.89
751 719 10.89
751 750 10.89
751 751 -43.56
751 752 10.89
751 783 10.89
752 720 10.89
752 751 10.89
752 752 -43.56
752 753 10.89
752 784 10.89
753 721 10.89
753 752 10.89
753 753 -43.56
753 754 10.89
753 785 10.89
754 722 10.89
754 753 10.89
754 754 -43.56
754 755 10.89
754 786 10.89
755 723 10.89
755 754 10.89
755 755 -43.56
755 756 10.89
755 787 10.89
756 724 10.89
756 755 10.89
756 756 -43.56
756 757 10.89
756 788 10.89
757 725 10.89
757 756 10.89
757 757 -43.56
757 758 10.89
757 789 10.89
758 726 10.89
758 757 10.89
758 758 -43.56
758 759 10.89
758 790 10.89
759 727 10.89
759 758 10.89
759 759 -43.56
759 760 10.89
759 791 10.89
760 728 10.89
760 759 10.89
760 760 -43.56
760 761 10.89
760 792 10.89
761 729 10.89
761 760 10.89
761 761 -43.56
761 762 10.89
761 793 10.89
762 730 10.89
762 761 10.89
762 762 -43.56
762 763 10.89
762 794 10.89
763 731 10.89
763 762 10.89
763 763 -43.56
763 764 10.89
763 795 10.89
764 732 10.89
764 763 10.89
764 764 -43.56
764 765 10.89
764 796 10.89
765 733 10.89
765 764 10.89
765 765 -43.56
765 766 10.89
765 797 10.89
766 734 10.89
766 765 10.89
766 766 -43.56
766 767 10.89
766 798 10.89
767 735 10.89
767 766 10.89
767 767 -43.56
767 799 10.89
768 736 10.89
768 768 -43.56
768 769 10.89
768 800 10.89
769 737 10.89
769 768 10.89
769 769 -43.56
769 770 10.89
769 801 10.89
770 738 10.89
770 769 10.89
770 770 -43.56
770 771 10.89
770 802 10.89
771 739 10.89
771 770 10.89
771 771 -43.56
771 772 10.89
771 803 10.89
772 740 10.89
772 771 10.89
772 772 -43.56
772 773 10.89
772 804 10.89
773 741 10.89
773 772 10.89
773 773 -43.56
773 774 10.89
773 805 10.89
774 742 10.89
774 773 10.89
774 774 -43.56
774 775 10.89
774 806 10.89
775 743 10.89
775 774 10.89
775 775 -43.56
775 776 10.89
775 807 10.89
776 744 10.89
776 775 10.89
776 776 -43.56
776 777 10.89
776 808 10.89
777 745 10.89
777 776 10.89
777 777 -43.56
777 778 10.89
777 809 10.89
778 746 10.89
778 777 10.89
778 778 -43.56
778 779 10.89
778 810 10.89
779 747 10.89
779 778 10.89
779 779 -43.56
779 780 10.89
779 811 10.89
780 748 10.89
780 779 10.89
780 780 -43.56
780 781 10.89
780 812 10.89
781 749 10.89
781 780 10.89
781 781 -43.56
781 782 10.89
781 813 10.89
782 750 10.89
782 781 10.89
782 782 -43.56
782 783 10.89
782 814 10.89
783 751 10.89
783 782 10.89
783 783 -43.56
783 784 10.89
783 815 10.89
784 752 10.89
784 783 10.89
784 784 -43.56
784 785 10.89
784 816 10.89
785 753 10.89
785 784 10.89
785 785 -43.56
785 786 10.89
785 817 10.89
786 754 10.89
786 785 10.89
786 786 -43.56
786 787 10.89
786 818 10.89
787 755 10.89
787 786 10.89
787 787 -43.56
787 788 10.89
787 819 10.89
788 756 10.89
788 787 10.89
788 788 -43.56
788 789 10.89
788 820 10.89
789 757 10.89
789 788 10.89
789 789 -43.56
789 790 10.89
789 821 10.89
790 758 10.89
790 789 10.89
790 790 -43.56
790 791 10.89
790 822 10.89
791 759 10.89
791 790 10.89
791 791 -43.56
791 792 10.89
791 823 10.89
792 760 10.89
792 791 10.89
792 792 -43.56
792 793 10.89
792 824 10.89
793 761 10.89
793 792 10.89
793 793 -43.56
793 794 10.89
793 825 10.89
794 762 10.89
794 793 10.89
794 794 -43.56
794 795 10.89
794 826 10.89
795 763 10.89
795 794 10.89
795 795 -43.56
795 796 10.89
795 827 10.89
796 764 10.89
796 795 10.89
796 796 -43.56
796 797 10.89
796 828 10.89
797 765 10.89
797 796 10.89
797 797 -43.56
797 798 10.89
797 829 10.89
798 766 10.89
798 797 10.89
798 798 -43.56
798 799 10.89
798 830 10.89
799 767 10.89
799 798 10.89
799 799 -43.56
799 831 10.89
800 768 10.89
800 800 -43.56
800 801 10.89
800 832 10.89
801 769 10.89
801 800 10.89
801 801 -43.56
801 802 10.89
801 833 10.89
802 770 10.89
802 801 10.89
802 802 -43.56
802 803 10.89
802 834 10.89
803 771 10.89
803 802 10.89
803 803 -43.56
803 804 10.89
803 835 10.89
804 772 10.89
804 803 10.89
804 804 -43.56
804 805 10.89
804 836 10.89
805 773 10.89
805 804 10.89
805 805 -43.56
805 806 10.89
805 837 10.89
806 774 10.89
806 805 10.89
806 806 -43.56
806 807 10.89
806 838 10.89
807 775 10.89
807 806 10.89
807 807 -43.56
807 808 10.89
807 839 10.89
808 776 10.89
808 807 10.89
808 808 -43.56
808 809 10.89
808 840 10.89
809 777 10.89
809 808 10.89
809 809 -43.56
809 810 10.89
809 841 10.89
810 778 10.89
810 809 10.89
810 810 -43.56
810 811 10.89
810 842 10.89
811 779 10.89
811 810 10.89
811 811 -43.56
811 812 10.89
811 843 10.89
812 780 10.89
812 811 10.89
812 812 -43.56
812 813 10.89
812 844 10.89
813 781 10.89
813 812 10.89
813 813 -43.56
813 814 10.89
813 845 10.89
814 782 10.89
814 813 10.89
814 814 -43.56
814 815 10.89
814 846 10.89
815 783 10.89
815 814 10.89
815 815 -43.56
815 816 10.89
815 847 10.89
816 784 10.89
816 815 10.89
816 816 -43.56
816 817 10.89
816 848 10.89
817 785 10.89
817 816 10.89
817 817 -43.56
817 818 10.89
817 849 10.89
818 786 10.89
818 817 10.89
818 818 -43.56
818 819 10.89
818 850 10.89
819 787 10.89
819 818 10.89
819 819 -43.56
819 820 10.89
819 851 10.89
820 788 10.89
820 819 10.89
820 820 -43.56
820 821 10.89
820 852 10.89
821 789 10.89
821 820 10.89
821 821 -43.56
821 822 10.89
821 853 10.89
822 790 10.89
822 821 10.89
822 822 -43.56
822 823 10.89
822 854 10.89
823 791 10.89
823 822 10.89
823 823 -43.56
823 824 10.89
823 855 10.89
824 792 10.89
824 823 10.89
824 824 -43.56
824 825 10.89
824 856 10.89
825 793 10.89
825 824 10.89
825 825 -43.56
825 826 10.89
825 857 10.89
826 794 10.89
826 825 10.89
826 826 -43.56
826 827 10.89
826 858 10.89
827 795 10.89
827 826 10.89
827 827 -43.56
827 828 10.89
827 859 10.89
828 796 10.89
828 827 10.89
828 828 -43.56
828 829 10.89
828 860 10.89
829 797 10.89
829 828 10.89
829 829 -43.56
829 830 10.89
829 861 10.89
830 798 10.89
830 829 10.89
830 830 -43.56
830 831 10.89
830 862 10.89
831 799 10.89
831 830 10.89
831 831 -43.56
831 863 10.89
832 800 10.89
832 832 -43.56
832 833 10.89
832 864 10.89
833 801 10.89
833 832 10.89
833 833 -43.56
833 834 10.89
833 865 10.89
834 802 10.89
834 833 10.89
834 834 -43.56
834 835 10.89
834 866 10.89
835 803 10.89
835 834 10.89
835 835 -43.56
835 836 10.89
835 867 10.89
836 804 10.89
836 835 10.89
836 836 -43.56
836 837 10.89
836 868 10.89
837 805 10.89
837 836 10.89
837 837 -43.56
837 838 10.89
837 869 10.89
838 806 10.89
838 837 10.89
838 838 -43.56
838 839 10.89
838 870 10.89
839 807 10.89
839 838 10.89
839 839 -43.56
839 840 10.89
839 871 10.89
840 808 10.89
840 839 10.89
840 840 -43.56
840 841 10.89
840 872 10.89
841 809 10.89
841 840 10.89
841 841 -43.56
841 842 10.89
841 873 10.89
842 810 10.89
842 841 10.89
842 842 -43.56
842 843 10.89
842 874 10.89
843 811 10.89
843 842 10.89
843 843 -43.56
843 844 10.89
843 875 10.89
844 812 10.89
844 843 10.89
844 844 -43.56
844 845 10.89
844 876 10.89
845 813 10.89
845 844 10.89
845 845 -43.56
845 846 10.89
845 877 10.89
846 814 10.89
846 845 10.89
846 846 -43.56
846 847 10.89
846 878 10.89
847 815 10.89
847 846 10.89
847 847 -43.56
847 848 10.89
847 879 10.89
848 816 10.89
848 847 10.89
848 848 -43.56
848 849 10.89
848 880 10.89
849 817 10.89
849 848 10.89
849 849 -43.56
849 850 10.89
849 881 10.89
850 818 10.89
850 849 10.89
850 850 -43.56
850 851 10.89
850 882 10.89
851 819 10.89
851 850 10.89
851 851 -43.56
851 852 10.89
851 883 10.89
852 820 10.89
852 851 10.89
852 852 -43.56
852 853 10.89
852 884 10.89
853 821 10.89
853 852 10.89
853 853 -43.56
853 854 10.89
853 885 10.89
854 822 10.89
854 853 10.89
854 854 -43.56
854 855 10.89
854 886 10.89
855 823 10.89
855 854 10.89
855 855 -43.56
855 856 10.89
855 887 10.89
856 824 10.89
856 855 10.89
856 856 -43.56
856 857 10.89
856 888 10.89
857 825 10.89
857 856 10.89
857 857 -43.56
857 858 10.89
857 889 10.89
858 826 10.89
858 857 10.89
858 858 -43.56
858 859 10.89
858 890 10.89
859 827 10.89
859 858 10.89
859 859 -43.56
859 860 10.89
859 891 10.89
860 828 10.89
860 859 10.89
860 860 -43.56
860 861 10.89
860 892 10.89
861 829 10.89
861 860 10.89
861 861 -43.56
861 862 10.89
861 893 10.89
862 830 10.89
862 861 10.89
862 862 -43.56
862 863 10.89
862 894 10.89
863 831 10.89
863 862 10.89
863 863 -43.56
863 895 10.89
864 832 10.89
864 864 -43.56
864 865 10.89
864 896 10.89
865 833 10.89
865 864 10.89
865 865 -43.56
865 866 10.89
865 897 10.89
866 834 10.89
866 865 10.89
866 866 -43.56
866 867 10.89
866 898 10.89
867 835 10.89
867 866 10.89
867 867 -43.56
867 868 10.89
867 899 10.89
868 836 10.89
868 867 10.89
868 868 -43.56
868 869 10.89
868 900 10.89
869 837 10.89
869 868 10.89
869 869 -43.56
869 870 10.89
869 901 10.89
870 838 10.89
870 869 10.89
870 870 -43.56
870 871 10.89
870 902 10.89
871 839 10.89
871 870 10.89
871 871 -43.56
871 872 10.89
871 903 10.89
872 840 10.89
872 871 10.89
872 872 -43.56
872 873 10.89
872 904 10.89
873 841 10.89
873 872 10.89
873 873 -43.56
873 874 10.89
873 905 10.89
874 842 10.89
874 873 10.89
874 874 -43.56
874 875 10.89
874 906 10.89
875 843 10.89
875 874 10.89
875 875 -43.56
875 876 10.89
875 907 10.89
876 844 10.89
876 875 10.89
876 876 -43.56
876 877 10.89
876 908 10.89
877 845 10.89
877 876 10.89
877 877 -43.56
877 878 10.89
877 909 10.89
878 846 10.89
878 877 10.89
878 878 -43.56
878 879 10.89
878 910 10.89
879 847 10.89
879 878 10.89
879 879 -43.56
879 880 10.89
879 911 10.89
880 848 10.89
880 879 10.89
880 880 -43.56
880 881 10.89
880 912 10.89
881 849 10.89
881 880 10.89
881 881 -43.56
881 882 10.89
881 913 10.89
882 850 10.89
882 881 10.89
882 882 -43.56
882 883 10.89
882 914 10.89
883 851 10.89
883 882 10.89
883 883 -43.56
883 884 10.89
883 915 10.89
884 852 10.89
884 883 10.89
884 884 -43.56
884 885 10.89
884 916 10.89
885 853 10.89
885 884 10.89
885 885 -43.56
885 886 10.89
885 917 10.89
886 854 10.89
886 885 10.89
886 886 -43.56
886 887 10.89
886 918 10.89
887 855 10.89
887 886 10.89
887 887 -43.56
887 888 10.89
887 919 10.89
888 856 10.89
888 887 10.89
888 888 -43.56
888 889 10.89
888 920 10.89
889 857 10.89
889 888 10.89
889 889 -43.56
889 890 10.89
889 921 10.89
890 858 10.89
890 889 10.89
890 890 -43.56
890 891 10.89
890 922 10.89
891 859 10.89
891 890 10.89
891 891 -43.56
891 892 10.89
891 923 10.89
892 860 10.89
892 891 10.89
892 892 -43.56
892 893 10.89
892 924 10.89
893 861 10.89
893 892 10.89
893 893 -43.56
893 894 10.89
893 925 10.89
894 862 10.89
894 893 10.89
894 894 -43.56
894 895 10.89
894 926 10.89
895 863 10.89
895 894 10.89
895 895 -43.56
895 927 10.89
896 864 10.89
896 896 -43.56
896 897 10.89
896 928 10.89
897 865 10.89
897 896 10.89
897 897 -43.56
897 898 10.89
897 929 10.89
898 866 10.89
898 897 10.89
898 898 -43.56
898 899 10.89
898 930 10.89
899 867 10.89
899 898 10.89
899 899 -43.56
899 900 10.89
899 931 10.89
900 868 10.89
900 899 10.89
900 900 -43.56
900 901 10.89
900 932 10.89
901 869 10.89
901 900 10.89
901 901 -43.56
901 902 10.89
901 933 10.89
902 870 10.89
902 901 10.89
902 902 -43.56
902 903 10.89
902 934 10.89
903 871 10.89
903 902 10.89
903 903 -43.56
903 904 10.89
903 935 10.89
904 872 10.89
904 903 10.89
904 904 -43.56
904 905 10.89
904 936 10.89
905 873 10.89
905 904 10.89
905 905 -43.56
905 906 10.89
905 937 10.89
906 874 10.89
906 905 10.89
906 906 -43.56
906 907 10.89
906 938 10.89
907 875 10.89
907 906 10.89
907 907 -43.56
907 908 10.89
907 939 10.89
908 876 10.89
908 907 10.89
908 908 -43.56
908 909 10.89
908 940 10.89
909 877 10.89
909 908 10.89
909 909 -43.56
909 910 10.89
909 941 10.89
910 878 10.89
910 909 10.89
910 910 -43.56
910 911 10.89
910 942 10.89
911 879 10.89
911 910 10.89
911 911 -43.56
911 912 10.89
911 943 10.89
912 880 10.89
912 911 10.89
912 912 -43.56
912 913 10.89
912 944 10.89
913 881 10.89
913 912 10.89
913 913 -43.56
913 914 10.89
913 945 10.89
914 882 10.89
914 913 10.89
914 914 -43.56
914 915 10.89
914 946 10.89
915 883 10.89
915 914 10.89
915 915 -43.56
915 916 10.89
915 947 10.89
916 884 10.89
916 915 10.89
916 916 -43.56
916 917 10.89
916 948 10.89
917 885 10.89
917 916 10.89
917 917 -43.56
917 918 10.89
917 949 10.89
918 886 10.89
918 917 10.89
918 918 -43.56
918 919 10.89
918 950 10.89
919 887 10.89
919 918 10.89
919 919 -43.56
919 920 10.89
919 951 10.89
920 888 10.89
920 919 10.89
920 920 -43.56
920 921 10.89
920 952 10.89
921 889 10.89
921 920 10.89
921 921 -43.56
921 922 10.89
921 953 10.89
922 890 10.89
922 921 10.89
922 922 -43.56
922 923 10.89
922 954 10.89
923 891 10.89
923 922 10.89
923 923 -43.56
923 924 10.89
923 955 10.89
924 892 10.89
924 923 10.89
924 924 -43.56
924 925 10.89
924 956 10.89
925 893 10.89
925 924 10.89
925 925 -43.56
925 926 10.89
925 957 10.89
926 894 10.89
926 925 10.89
926 926 -43.56
926 927 10.89
926 958 10.89
927 895 10.89
927 926 10.89
927 927 -43.56
927 959 10.89
928 896 10.89
928 928 -43.56
928 929 10.89
928 960 10.89
929 897 10.89
929 928 10.89
929 929 -43.56
929 930 10.89
929 961 10.89
930 898 10.89
930 929 10.89
930 930 -43.56
930 931 10.89
930 962 10.89
931 899 10.89
931 930 10.89
931 931 -43.56
931 932 10.89
931 963 10.89
932 900 10.89
932 931 10.89
932 932 -43.56
932 933 10.89
932 964 10.89
933 901 10.89
933 932 10.89
933 933 -43.56
933 934 10.89
933 965 10.89
934 902 10.89
934 933 10.89
934 934 -43.56
934 935 10.89
934 966 10.89
935 903 10.89
935 934 10.89
935 935 -43.56
935 936 10.89
935 967 10.89
936 904 10.89
936 935 10.89
936 936 -43.56
936 937 10.89
936 968 10.89
937 905 10.89
937 936 10.89
937 937 -43.56
937 938 10.89
937 969 10.89
938 906 10.89
938 937 10.89
938 938 -43.56
938 939 10.89
938 970 10.89
939 907 10.89
939 938 10.89
939 939 -43.56
939 940 10.89
939 971 10.89
940 908 10.89
940 939 10.89
940 940 -43.56
940 941 10.89
940 972 10.89
941 909 10.89
941 940 10.89
941 941 -43.56
941 942 10.89
941 973 10.89
942 910 10.89
942 941 10.89
942 942 -43.56
942 943 10.89
942 974 10.89
943 911 10.89
943 942 10.89
943 943 -43.56
943 944 10.89
943 975 10.89
944 912 10.89
944 943 10.89
944 944 -43.56
944 945 10.89
944 976 10.89
945 913 10.89
945 944 10.89
945 945 -43.56
945 946 10.89
945 977 10.89
946 914 10.89
946 945 10.89
946 946 -43.56
946 947 10.89
946 978 10.89
947 915 10.89
947 946 10.89
947 947 -43.56
947 948 10.89
947 979 10.89
948 916 10.89
948 947 10.89
948 948 -43.56
948 949 10.89
948 980 10.89
949 917 10.89
949 948 10.89
949 949 -43.56
949 950 10.89
949 981 10.89
950 918 10.89
950 949 10.89
950 950 -43.56
950 951 10.89
950 982 10.89
951 919 10.89
951 950 10.89
951 951 -43.56
951 952 10.89
951 983 10.89
952 920 10.89
952 951 10.89
952 952 -43.56
952 953 10.89
952 984 10.89
953 921 10.89
953 952 10.89
953 953 -43.56
953 954 10.89
953 985 10.89
954 922 10.89
954 953 10.89
954 954 -43.56
954 955 10.89
954 986 10.89
955 923 10.89
955 954 10.89
955 955 -43.56
955 956 10.89
955 987 10.89
956 924 10.89
956 955 10.89
956 956 -43.56
956 957 10.89
956 988 10.89
957 925 10.89
957 956 10.89
957 957 -43.56
957 958 10.89
957 989 10.89
958 926 10.89
958 957 10.89
958 958 -43.56
958 959 10.89
958 990 10.89
959 927 10.89
959 958 10.89
959 959 -43.56
959 991 10.89
960 928 10.89
960 960 -43.56
960 961 10.89
960 992 10.89
961 929 10.89
961 960 10.89
961 961 -43.56
961 962 10.89
961 993 10.89
962 930 10.89
962 961 10.89
962 962 -43.56
962 963 10.89
962 994 10.89
963 931 10.89
963 962 10.89
963 963 -43.56
963 964 10.89
963 995 10.89
964 932 10.89
964 963 10.89
964 964 -43.56
964 965 10.89
964 996 10.89
965 933 10.89
965 964 10.89
965 965 -43.56
965 966 10.89
965 997 10.89
966 934 10.89
966 965 10.89
966 966 -43.56
966 967 10.89
966 998 10.89
967 935 10.89
967 966 10.89
967 967 -43.56
967 968 10.89
967 999 10.89
968 936 10.89
968 967 10.89
968 968 -43.56
968 969 10.89
968 1000 10.89
969 937 10.89
969 968 10.89
969 969 -43.56
969 970 10.89
969 1001 10.89
970 938 10.89
970 969 10.89
970 970 -43.56
970 971 10.89
970 1002 10.89
971 939 10.89
971 970 10.89
971 971 -43.56
971 972 10.89
971 1003 10.89
972 940 10.89
972 971 10.89
972 972 -43.56
972 973 10.89
972 1004 10.89
973 941 10.89
973 972 10.89
973 973 -43.56
973 974 10.89
973 1005 10.89
974 942 10.89
974 973 10.89
974 974 -43.56
974 975 10.89
974 1006 10.89
975 943 10.89
975 974 10.89
975 975 -43.56
975 976 10.89
975 1007 10.89
976 944 10.89
976 975 10.89
976 976 -43.56
976 977 10.89
976 1008 10.89
977 945 10.89
977 976 10.89
977 977 -43.56
977 978 10.89
977 1009 10.89
978 946 10.89
978 977 10.89
978 978 -43.56
978 979 10.89
978 1010 10.89
979 947 10.89
979 978 10.89
979 979 -43.56
979 980 10.89
979 1011 10.89
980 948 10.89
980 979 10.89
980 980 -43.56
980 981 10.89
980 1012 10.89
981 949 10.89
981 980 10.89
981 981 -43.56
981 982 10.89
981 1013 10.89
982 950 10.89
982 981 10.89
982 982 -43.56
982 983 10.89
982 1014 10.89
983 951 10.89
983 982 10.89
983 983 -43.56
983 984 10.89
983 1015 10.89
984 952 10.89
984 983 10.89
984 984 -43.56
984 985 10.89
984 1016 10.89
985 953 10.89
985 984 10.89
985 985 -43.56
985 986 10.89
985 1017 10.89
986 954 10.89
986 985 10.89
986 986 -43.56
986 987 10.89
986 1018 10.89
987 955 10.89
987 986 10.89
987 987 -43.56
987 988 10.89
987 1019 10.89
988 956 10.89
988 987 10.89
988 988 -43.56
988 989 10.89
988 1020 10.89
989 957 10.89
989 988 10.89
989 989 -43.56
989 990 10.89
989 1021 10.89
990 958 10.89
990 989 10.89
990 990 -43.56
990 991 10.89
990 1022 10.89
991 959 10.89
991 990 10.89
991 991 -43.56
991 1023 10.89
992 960 10.89
992 992 -43.56
992 993 10.89
993 961 10.89
993 992 10.89
993 993 -43.56
993 994 10.89
994 962 10.89
994 993 10.89
994 994 -43.56
994 995 10.89
995 963 10.89
995 994 10.89
995 995 -43.56
995 996 10.89
996 964 10.89
996 995 10.89
996 996 -43.56
996 997 10.89
997 965 10.89
997 996 10.89
997 997 -43.56
997 998 10.89
998 966 10.89
998 997 10.89
998 998 -43.56
998 999 10.89
999 967 10.89
999 998 10.89
999 999 -43.56
999 1000 10.89
1000 968 10.89
1000 999 10.89
1000 1000 -43.56
1000 1001 10.89
1001 969 10.89
1001 1000 10.89
1001 1001 -43.56
1001 1002 10.89
1002 970 10.89
1002 1001 10.89
1002 1002 -43.56
1002 1003 10.89
1003 971 10.89
1003 1002 10.89
1003 1003 -43.56
1003 1004 10.89
1004 972 10.89
1004 1003 10.89
1004 1004 -43.56
1004 1005 10.89
1005 973 10.89
1005 1004 10.89
1005 1005 -43.56
1005 1006 10.89
1006 974 10.89
1006 1005 10.89
1006 1006 -43.56
1006 1007 10.89
1007 975 10.89
1007 1006 10.89
1007 1007 -43.56
1007 1008 10.89
1008 976 10.89
1008 1007 10.89
1008 1008 -43.56
1008 1009 10.89
1009 977 10.89
1009 1008 10.89
1009 1009 -43.56
1009 1010 10.89
1010 978 10.89
1010 1009 10.89
1010 1010 -43.56
1010 1011 10.89
1011 979 10.89
1011 1010 10.89
1011 1011 -43.56
1011 1012 10.89
1012 980 10.89
1012 1011 10.89
1012 1012 -43.56
1012 1013 10.89
1013 981 10.89
1013 1012 10.89
1013 1013 -43.56
1013 1014 10.89
1014 982 10.89
1014 1013 10.89
1014 1014 -43.56
1014 1015 10.89
1015 983 10.89
1015 1014 10.89
1015 1015 -43.56
1015 1016 10.89
1016 984 10.89
1016 1015 10.89
1016 1016 -43.56
1016 1017 10.89
1017 985 10.89
1017 1016 10.89
1017 1017 -43.56
1017 1018 10.89
1018 986 10.89
1018 1017 10.89
1018 1018 -43.56
1018 1019 10.89
1019 987 10.89
1019 1018 10.89
1019 1019 -43.56
1019 1020 10.89
1020 988 10.89
1020 1019 10.89
1020 1020 -43.56
1020 1021 10.89
1021 989 10.89
1021 1020 10.89
1021 1021 -43.56
1021 1022 10.89
1022 990 10.89
1022 1021 10.89
1022 1022 -43.56
1022 1023 10.89
1023 991 10.89
1023 1022 10.89
1023 1023 -43.56
