0 0
1 1
2 64
3 65
4 3
5 67
6 2
7 66
8 192
9 193
10 195
11 194
12 128
13 129
14 130
15 131
16 5
17 69
18 7
19 71
20 6
21 70
22 197
23 199
24 198
25 133
26 134
27 135
28 4
29 68
30 132
31 196
32 320
33 321
34 323
35 322
36 448
37 449
38 451
39 450
40 384
41 385
42 386
43 387
44 325
45 327
46 326
47 453
48 455
49 454
50 389
51 390
52 391
53 324
54 388
55 452
56 256
57 257
58 258
59 259
60 260
61 261
62 262
63 263
64 9
65 73
66 11
67 75
68 10
69 74
70 201
71 203
72 202
73 137
74 138
75 139
76 13
77 77
78 15
79 79
80 14
81 78
82 205
83 207
84 206
85 141
86 142
87 143
88 12
89 76
90 140
91 204
92 329
93 331
94 330
95 457
96 459
97 458
98 393
99 394
100 395
101 333
102 335
103 334
104 461
105 463
106 462
107 397
108 398
109 399
110 332
111 396
112 460
113 265
114 266
115 267
116 268
117 269
118 270
119 271
120 8
121 72
122 136
123 200
124 264
125 328
126 392
127 456
128 576
129 577
130 579
131 578
132 704
133 705
134 707
135 706
136 640
137 641
138 642
139 643
140 581
141 583
142 582
143 709
144 711
145 710
146 645
147 646
148 647
149 580
150 644
151 708
152 832
153 833
154 835
155 834
156 960
157 961
158 963
159 962
160 896
161 897
162 898
163 899
164 837
165 839
166 838
167 965
168 967
169 966
170 901
171 902
172 903
173 836
174 900
175 964
176 768
177 769
178 770
179 771
180 772
181 773
182 774
183 775
184 585
185 587
186 586
187 713
188 715
189 714
190 649
191 650
192 651
193 589
194 591
195 590
196 717
197 719
198 718
199 653
200 654
201 655
202 588
203 652
204 716
205 841
206 843
207 842
208 969
209 971
210 970
211 905
212 906
213 907
214 845
215 847
216 846
217 973
218 975
219 974
220 909
221 910
222 911
223 844
224 908
225 972
226 777
227 778
228 779
229 780
230 781
231 782
232 783
233 584
234 648
235 712
236 776
237 840
238 904
239 968
240 512
241 513
242 514
243 515
244 516
245 517
246 518
247 519
248 520
249 521
250 522
251 523
252 524
253 525
254 526
255 527
256 17
257 81
258 19
259 83
260 18
261 82
262 209
263 211
264 210
265 145
266 146
267 147
268 21
269 85
270 23
271 87
272 22
273 86
274 213
275 215
276 214
277 149
278 150
279 151
280 20
281 84
282 148
283 212
284 337
285 339
286 338
287 465
288 467
289 466
290 401
291 402
292 403
293 341
294 343
295 342
296 469
297 471
298 470
299 405
300 406
301 407
302 340
303 404
304 468
305 273
306 274
307 275
308 276
309 277
310 278
311 279
312 25
313 89
314 27
315 91
316 26
317 90
318 217
319 219
320 218
321 153
322 154
323 155
324 29
325 93
326 31
327 95
328 30
329 94
330 221
331 223
332 222
333 157
334 158
335 159
336 28
337 92
338 156
339 220
340 345
341 347
342 346
343 473
344 475
345 474
346 409
347 410
348 411
349 349
350 351
351 350
352 477
353 479
354 478
355 413
356 414
357 415
358 348
359 412
360 476
361 281
362 282
363 283
364 284
365 285
366 286
367 287
368 24
369 88
370 152
371 216
372 280
373 344
374 408
375 472
376 593
377 595
378 594
379 721
380 723
381 722
382 657
383 658
384 659
385 597
386 599
387 598
388 725
389 727
390 726
391 661
392 662
393 663
394 596
395 660
396 724
397 849
398 851
399 850
400 977
401 979
402 978
403 913
404 914
405 915
406 853
407 855
408 854
409 981
410 983
411 982
412 917
413 918
414 919
415 852
416 916
417 980
418 785
419 786
420 787
421 788
422 789
423 790
424 791
425 601
426 603
427 602
428 729
429 731
430 730
431 665
432 666
433 667
434 605
435 607
436 606
437 733
438 735
439 734
440 669
441 670
442 671
443 604
444 668
445 732
446 857
447 859
448 858
449 985
450 987
451 986
452 921
453 922
454 923
455 861
456 863
457 862
458 989
459 991
460 990
461 925
462 926
463 927
464 860
465 924
466 988
467 793
468 794
469 795
470 796
471 797
472 798
473 799
474 600
475 664
476 728
477 792
478 856
479 920
480 984
481 529
482 530
483 531
484 532
485 533
486 534
487 535
488 536
489 537
490 538
491 539
492 540
493 541
494 542
495 543
496 16
497 80
498 144
499 208
500 272
501 336
502 400
503 464
504 528
505 592
506 656
507 720
508 784
509 848
510 912
511 976
512 1088
513 1089
514 1091
515 1090
516 1216
517 1217
518 1219
519 1218
520 1152
521 1153
522 1154
523 1155
524 1093
525 1095
526 1094
527 1221
528 1223
529 1222
530 1157
531 1158
532 1159
533 1092
534 1156
535 1220
536 1344
537 1345
538 1347
539 1346
540 1472
541 1473
542 1475
543 1474
544 1408
545 1409
546 1410
547 1411
548 1349
549 1351
550 1350
551 1477
552 1479
553 1478
554 1413
555 1414
556 1415
557 1348
558 1412
559 1476
560 1280
561 1281
562 1282
563 1283
564 1284
565 1285
566 1286
567 1287
568 1097
569 1099
570 1098
571 1225
572 1227
573 1226
574 1161
575 1162
576 1163
577 1101
578 1103
579 1102
580 1229
581 1231
582 1230
583 1165
584 1166
585 1167
586 1100
587 1164
588 1228
589 1353
590 1355
591 1354
592 1481
593 1483
594 1482
595 1417
596 1418
597 1419
598 1357
599 1359
600 1358
601 1485
602 1487
603 1486
604 1421
605 1422
606 1423
607 1356
608 1420
609 1484
610 1289
611 1290
612 1291
613 1292
614 1293
615 1294
616 1295
617 1096
618 1160
619 1224
620 1288
621 1352
622 1416
623 1480
624 1600
625 1601
626 1603
627 1602
628 1728
629 1729
630 1731
631 1730
632 1664
633 1665
634 1666
635 1667
636 1605
637 1607
638 1606
639 1733
640 1735
641 1734
642 1669
643 1670
644 1671
645 1604
646 1668
647 1732
648 1856
649 1857
650 1859
651 1858
652 1984
653 1985
654 1987
655 1986
656 1920
657 1921
658 1922
659 1923
660 1861
661 1863
662 1862
663 1989
664 1991
665 1990
666 1925
667 1926
668 1927
669 1860
670 1924
671 1988
672 1792
673 1793
674 1794
675 1795
676 1796
677 1797
678 1798
679 1799
680 1609
681 1611
682 1610
683 1737
684 1739
685 1738
686 1673
687 1674
688 1675
689 1613
690 1615
691 1614
692 1741
693 1743
694 1742
695 1677
696 1678
697 1679
698 1612
699 1676
700 1740
701 1865
702 1867
703 1866
704 1993
705 1995
706 1994
707 1929
708 1930
709 1931
710 1869
711 1871
712 1870
713 1997
714 1999
715 1998
716 1933
717 1934
718 1935
719 1868
720 1932
721 1996
722 1801
723 1802
724 1803
725 1804
726 1805
727 1806
728 1807
729 1608
730 1672
731 1736
732 1800
733 1864
734 1928
735 1992
736 1536
737 1537
738 1538
739 1539
740 1540
741 1541
742 1542
743 1543
744 1544
745 1545
746 1546
747 1547
748 1548
749 1549
750 1550
751 1551
752 1105
753 1107
754 1106
755 1233
756 1235
757 1234
758 1169
759 1170
760 1171
761 1109
762 1111
763 1110
764 1237
765 1239
766 1238
767 1173
768 1174
769 1175
770 1108
771 1172
772 1236
773 1361
774 1363
775 1362
776 1489
777 1491
778 1490
779 1425
780 1426
781 1427
782 1365
783 1367
784 1366
785 1493
786 1495
787 1494
788 1429
789 1430
790 1431
791 1364
792 1428
793 1492
794 1297
795 1298
796 1299
797 1300
798 1301
799 1302
800 1303
801 1113
802 1115
803 1114
804 1241
805 1243
806 1242
807 1177
808 1178
809 1179
810 1117
811 1119
812 1118
813 1245
814 1247
815 1246
816 1181
817 1182
818 1183
819 1116
820 1180
821 1244
822 1369
823 1371
824 1370
825 1497
826 1499
827 1498
828 1433
829 1434
830 1435
831 1373
832 1375
833 1374
834 1501
835 1503
836 1502
837 1437
838 1438
839 1439
840 1372
841 1436
842 1500
843 1305
844 1306
845 1307
846 1308
847 1309
848 1310
849 1311
850 1112
851 1176
852 1240
853 1304
854 1368
855 1432
856 1496
857 1617
858 1619
859 1618
860 1745
861 1747
862 1746
863 1681
864 1682
865 1683
866 1621
867 1623
868 1622
869 1749
870 1751
871 1750
872 1685
873 1686
874 1687
875 1620
876 1684
877 1748
878 1873
879 1875
880 1874
881 2001
882 2003
883 2002
884 1937
885 1938
886 1939
887 1877
888 1879
889 1878
890 2005
891 2007
892 2006
893 1941
894 1942
895 1943
896 1876
897 1940
898 2004
899 1809
900 1810
901 1811
902 1812
903 1813
904 1814
905 1815
906 1625
907 1627
908 1626
909 1753
910 1755
911 1754
912 1689
913 1690
914 1691
915 1629
916 1631
917 1630
918 1757
919 1759
920 1758
921 1693
922 1694
923 1695
924 1628
925 1692
926 1756
927 1881
928 1883
929 1882
930 2009
931 2011
932 2010
933 1945
934 1946
935 1947
936 1885
937 1887
938 1886
939 2013
940 2015
941 2014
942 1949
943 1950
944 1951
945 1884
946 1948
947 2012
948 1817
949 1818
950 1819
951 1820
952 1821
953 1822
954 1823
955 1624
956 1688
957 1752
958 1816
959 1880
960 1944
961 2008
962 1553
963 1554
964 1555
965 1556
966 1557
967 1558
968 1559
969 1560
970 1561
971 1562
972 1563
973 1564
974 1565
975 1566
976 1567
977 1104
978 1168
979 1232
980 1296
981 1360
982 1424
983 1488
984 1552
985 1616
986 1680
987 1744
988 1808
989 1872
990 1936
991 2000
992 1024
993 1025
994 1026
995 1027
996 1028
997 1029
998 1030
999 1031
1000 1032
1001 1033
1002 1034
1003 1035
1004 1036
1005 1037
1006 1038
1007 1039
1008 1040
1009 1041
1010 1042
1011 1043
1012 1044
1013 1045
1014 1046
1015 1047
1016 1048
1017 1049
1018 1050
1019 1051
1020 1052
1021 1053
1022 1054
1023 1055
1024 33
1025 97
1026 35
1027 99
1028 34
1029 98
1030 225
1031 227
1032 226
1033 161
1034 162
1035 163
1036 37
1037 101
1038 39
1039 103
1040 38
1041 102
1042 229
1043 231
1044 230
1045 165
1046 166
1047 167
1048 36
1049 100
1050 164
1051 228
1052 353
1053 355
1054 354
1055 481
1056 483
1057 482
1058 417
1059 418
1060 419
1061 357
1062 359
1063 358
1064 485
1065 487
1066 486
1067 421
1068 422
1069 423
1070 356
1071 420
1072 484
1073 289
1074 290
1075 291
1076 292
1077 293
1078 294
1079 295
1080 41
1081 105
1082 43
1083 107
1084 42
1085 106
1086 233
1087 235
1088 234
1089 169
1090 170
1091 171
1092 45
1093 109
1094 47
1095 111
1096 46
1097 110
1098 237
1099 239
1100 238
1101 173
1102 174
1103 175
1104 44
1105 108
1106 172
1107 236
1108 361
1109 363
1110 362
1111 489
1112 491
1113 490
1114 425
1115 426
1116 427
1117 365
1118 367
1119 366
1120 493
1121 495
1122 494
1123 429
1124 430
1125 431
1126 364
1127 428
1128 492
1129 297
1130 298
1131 299
1132 300
1133 301
1134 302
1135 303
1136 40
1137 104
1138 168
1139 232
1140 296
1141 360
1142 424
1143 488
1144 609
1145 611
1146 610
1147 737
1148 739
1149 738
1150 673
1151 674
1152 675
1153 613
1154 615
1155 614
1156 741
1157 743
1158 742
1159 677
1160 678
1161 679
1162 612
1163 676
1164 740
1165 865
1166 867
1167 866
1168 993
1169 995
1170 994
1171 929
1172 930
1173 931
1174 869
1175 871
1176 870
1177 997
1178 999
1179 998
1180 933
1181 934
1182 935
1183 868
1184 932
1185 996
1186 801
1187 802
1188 803
1189 804
1190 805
1191 806
1192 807
1193 617
1194 619
1195 618
1196 745
1197 747
1198 746
1199 681
1200 682
1201 683
1202 621
1203 623
1204 622
1205 749
1206 751
1207 750
1208 685
1209 686
1210 687
1211 620
1212 684
1213 748
1214 873
1215 875
1216 874
1217 1001
1218 1003
1219 1002
1220 937
1221 938
1222 939
1223 877
1224 879
1225 878
1226 1005
1227 1007
1228 1006
1229 941
1230 942
1231 943
1232 876
1233 940
1234 1004
1235 809
1236 810
1237 811
1238 812
1239 813
1240 814
1241 815
1242 616
1243 680
1244 744
1245 808
1246 872
1247 936
1248 1000
1249 545
1250 546
1251 547
1252 548
1253 549
1254 550
1255 551
1256 552
1257 553
1258 554
1259 555
1260 556
1261 557
1262 558
1263 559
1264 49
1265 113
1266 51
1267 115
1268 50
1269 114
1270 241
1271 243
1272 242
1273 177
1274 178
1275 179
1276 53
1277 117
1278 55
1279 119
1280 54
1281 118
1282 245
1283 247
1284 246
1285 181
1286 182
1287 183
1288 52
1289 116
1290 180
1291 244
1292 369
1293 371
1294 370
1295 497
1296 499
1297 498
1298 433
1299 434
1300 435
1301 373
1302 375
1303 374
1304 501
1305 503
1306 502
1307 437
1308 438
1309 439
1310 372
1311 436
1312 500
1313 305
1314 306
1315 307
1316 308
1317 309
1318 310
1319 311
1320 57
1321 121
1322 59
1323 123
1324 58
1325 122
1326 249
1327 251
1328 250
1329 185
1330 186
1331 187
1332 61
1333 125
1334 63
1335 127
1336 62
1337 126
1338 253
1339 255
1340 254
1341 189
1342 190
1343 191
1344 60
1345 124
1346 188
1347 252
1348 377
1349 379
1350 378
1351 505
1352 507
1353 506
1354 441
1355 442
1356 443
1357 381
1358 383
1359 382
1360 509
1361 511
1362 510
1363 445
1364 446
1365 447
1366 380
1367 444
1368 508
1369 313
1370 314
1371 315
1372 316
1373 317
1374 318
1375 319
1376 56
1377 120
1378 184
1379 248
1380 312
1381 376
1382 440
1383 504
1384 625
1385 627
1386 626
1387 753
1388 755
1389 754
1390 689
1391 690
1392 691
1393 629
1394 631
1395 630
1396 757
1397 759
1398 758
1399 693
1400 694
1401 695
1402 628
1403 692
1404 756
1405 881
1406 883
1407 882
1408 1009
1409 1011
1410 1010
1411 945
1412 946
1413 947
1414 885
1415 887
1416 886
1417 1013
1418 1015
1419 1014
1420 949
1421 950
1422 951
1423 884
1424 948
1425 1012
1426 817
1427 818
1428 819
1429 820
1430 821
1431 822
1432 823
1433 633
1434 635
1435 634
1436 761
1437 763
1438 762
1439 697
1440 698
1441 699
1442 637
1443 639
1444 638
1445 765
1446 767
1447 766
1448 701
1449 702
1450 703
1451 636
1452 700
1453 764
1454 889
1455 891
1456 890
1457 1017
1458 1019
1459 1018
1460 953
1461 954
1462 955
1463 893
1464 895
1465 894
1466 1021
1467 1023
1468 1022
1469 957
1470 958
1471 959
1472 892
1473 956
1474 1020
1475 825
1476 826
1477 827
1478 828
1479 829
1480 830
1481 831
1482 632
1483 696
1484 760
1485 824
1486 888
1487 952
1488 1016
1489 561
1490 562
1491 563
1492 564
1493 565
1494 566
1495 567
1496 568
1497 569
1498 570
1499 571
1500 572
1501 573
1502 574
1503 575
1504 48
1505 112
1506 176
1507 240
1508 304
1509 368
1510 432
1511 496
1512 560
1513 624
1514 688
1515 752
1516 816
1517 880
1518 944
1519 1008
1520 1121
1521 1123
1522 1122
1523 1249
1524 1251
1525 1250
1526 1185
1527 1186
1528 1187
1529 1125
1530 1127
1531 1126
1532 1253
1533 1255
1534 1254
1535 1189
1536 1190
1537 1191
1538 1124
1539 1188
1540 1252
1541 1377
1542 1379
1543 1378
1544 1505
1545 1507
1546 1506
1547 1441
1548 1442
1549 1443
1550 1381
1551 1383
1552 1382
1553 1509
1554 1511
1555 1510
1556 1445
1557 1446
1558 1447
1559 1380
1560 1444
1561 1508
1562 1313
1563 1314
1564 1315
1565 1316
1566 1317
1567 1318
1568 1319
1569 1129
1570 1131
1571 1130
1572 1257
1573 1259
1574 1258
1575 1193
1576 1194
1577 1195
1578 1133
1579 1135
1580 1134
1581 1261
1582 1263
1583 1262
1584 1197
1585 1198
1586 1199
1587 1132
1588 1196
1589 1260
1590 1385
1591 1387
1592 1386
1593 1513
1594 1515
1595 1514
1596 1449
1597 1450
1598 1451
1599 1389
1600 1391
1601 1390
1602 1517
1603 1519
1604 1518
1605 1453
1606 1454
1607 1455
1608 1388
1609 1452
1610 1516
1611 1321
1612 1322
1613 1323
1614 1324
1615 1325
1616 1326
1617 1327
1618 1128
1619 1192
1620 1256
1621 1320
1622 1384
1623 1448
1624 1512
1625 1633
1626 1635
1627 1634
1628 1761
1629 1763
1630 1762
1631 1697
1632 1698
1633 1699
1634 1637
1635 1639
1636 1638
1637 1765
1638 1767
1639 1766
1640 1701
1641 1702
1642 1703
1643 1636
1644 1700
1645 1764
1646 1889
1647 1891
1648 1890
1649 2017
1650 2019
1651 2018
1652 1953
1653 1954
1654 1955
1655 1893
1656 1895
1657 1894
1658 2021
1659 2023
1660 2022
1661 1957
1662 1958
1663 1959
1664 1892
1665 1956
1666 2020
1667 1825
1668 1826
1669 1827
1670 1828
1671 1829
1672 1830
1673 1831
1674 1641
1675 1643
1676 1642
1677 1769
1678 1771
1679 1770
1680 1705
1681 1706
1682 1707
1683 1645
1684 1647
1685 1646
1686 1773
1687 1775
1688 1774
1689 1709
1690 1710
1691 1711
1692 1644
1693 1708
1694 1772
1695 1897
1696 1899
1697 1898
1698 2025
1699 2027
1700 2026
1701 1961
1702 1962
1703 1963
1704 1901
1705 1903
1706 1902
1707 2029
1708 2031
1709 2030
1710 1965
1711 1966
1712 1967
1713 1900
1714 1964
1715 2028
1716 1833
1717 1834
1718 1835
1719 1836
1720 1837
1721 1838
1722 1839
1723 1640
1724 1704
1725 1768
1726 1832
1727 1896
1728 1960
1729 2024
1730 1569
1731 1570
1732 1571
1733 1572
1734 1573
1735 1574
1736 1575
1737 1576
1738 1577
1739 1578
1740 1579
1741 1580
1742 1581
1743 1582
1744 1583
1745 1137
1746 1139
1747 1138
1748 1265
1749 1267
1750 1266
1751 1201
1752 1202
1753 1203
1754 1141
1755 1143
1756 1142
1757 1269
1758 1271
1759 1270
1760 1205
1761 1206
1762 1207
1763 1140
1764 1204
1765 1268
1766 1393
1767 1395
1768 1394
1769 1521
1770 1523
1771 1522
1772 1457
1773 1458
1774 1459
1775 1397
1776 1399
1777 1398
1778 1525
1779 1527
1780 1526
1781 1461
1782 1462
1783 1463
1784 1396
1785 1460
1786 1524
1787 1329
1788 1330
1789 1331
1790 1332
1791 1333
1792 1334
1793 1335
1794 1145
1795 1147
1796 1146
1797 1273
1798 1275
1799 1274
1800 1209
1801 1210
1802 1211
1803 1149
1804 1151
1805 1150
1806 1277
1807 1279
1808 1278
1809 1213
1810 1214
1811 1215
1812 1148
1813 1212
1814 1276
1815 1401
1816 1403
1817 1402
1818 1529
1819 1531
1820 1530
1821 1465
1822 1466
1823 1467
1824 1405
1825 1407
1826 1406
1827 1533
1828 1535
1829 1534
1830 1469
1831 1470
1832 1471
1833 1404
1834 1468
1835 1532
1836 1337
1837 1338
1838 1339
1839 1340
1840 1341
1841 1342
1842 1343
1843 1144
1844 1208
1845 1272
1846 1336
1847 1400
1848 1464
1849 1528
1850 1649
1851 1651
1852 1650
1853 1777
1854 1779
1855 1778
1856 1713
1857 1714
1858 1715
1859 1653
1860 1655
1861 1654
1862 1781
1863 1783
1864 1782
1865 1717
1866 1718
1867 1719
1868 1652
1869 1716
1870 1780
1871 1905
1872 1907
1873 1906
1874 2033
1875 2035
1876 2034
1877 1969
1878 1970
1879 1971
1880 1909
1881 1911
1882 1910
1883 2037
1884 2039
1885 2038
1886 1973
1887 1974
1888 1975
1889 1908
1890 1972
1891 2036
1892 1841
1893 1842
1894 1843
1895 1844
1896 1845
1897 1846
1898 1847
1899 1657
1900 1659
1901 1658
1902 1785
1903 1787
1904 1786
1905 1721
1906 1722
1907 1723
1908 1661
1909 1663
1910 1662
1911 1789
1912 1791
1913 1790
1914 1725
1915 1726
1916 1727
1917 1660
1918 1724
1919 1788
1920 1913
1921 1915
1922 1914
1923 2041
1924 2043
1925 2042
1926 1977
1927 1978
1928 1979
1929 1917
1930 1919
1931 1918
1932 2045
1933 2047
1934 2046
1935 1981
1936 1982
1937 1983
1938 1916
1939 1980
1940 2044
1941 1849
1942 1850
1943 1851
1944 1852
1945 1853
1946 1854
1947 1855
1948 1656
1949 1720
1950 1784
1951 1848
1952 1912
1953 1976
1954 2040
1955 1585
1956 1586
1957 1587
1958 1588
1959 1589
1960 1590
1961 1591
1962 1592
1963 1593
1964 1594
1965 1595
1966 1596
1967 1597
1968 1598
1969 1599
1970 1136
1971 1200
1972 1264
1973 1328
1974 1392
1975 1456
1976 1520
1977 1584
1978 1648
1979 1712
1980 1776
1981 1840
1982 1904
1983 1968
1984 2032
1985 1057
1986 1058
1987 1059
1988 1060
1989 1061
1990 1062
1991 1063
1992 1064
1993 1065
1994 1066
1995 1067
1996 1068
1997 1069
1998 1070
1999 1071
2000 1072
2001 1073
2002 1074
2003 1075
2004 1076
2005 1077
2006 1078
2007 1079
2008 1080
2009 1081
2010 1082
2011 1083
2012 1084
2013 1085
2014 1086
2015 1087
2016 32
2017 96
2018 160
2019 224
2020 288
2021 352
2022 416
2023 480
2024 544
2025 608
2026 672
2027 736
2028 800
2029 864
2030 928
2031 992
2032 1056
2033 1120
2034 1184
2035 1248
2036 1312
2037 1376
2038 1440
2039 1504
2040 1568
2041 1632
2042 1696
2043 1760
2044 1824
2045 1888
2046 1952
2047 2016
2048 2112
2049 2113
2050 2115
2051 2114
2052 2240
2053 2241
2054 2243
2055 2242
2056 2176
2057 2177
2058 2178
2059 2179
2060 2117
2061 2119
2062 2118
2063 2245
2064 2247
2065 2246
2066 2181
2067 2182
2068 2183
2069 2116
2070 2180
2071 2244
2072 2368
2073 2369
2074 2371
2075 2370
2076 2496
2077 2497
2078 2499
2079 2498
2080 2432
2081 2433
2082 2434
2083 2435
2084 2373
2085 2375
2086 2374
2087 2501
2088 2503
2089 2502
2090 2437
2091 2438
2092 2439
2093 2372
2094 2436
2095 2500
2096 2304
2097 2305
2098 2306
2099 2307
2100 2308
2101 2309
2102 2310
2103 2311
2104 2121
2105 2123
2106 2122
2107 2249
2108 2251
2109 2250
2110 2185
2111 2186
2112 2187
2113 2125
2114 2127
2115 2126
2116 2253
2117 2255
2118 2254
2119 2189
2120 2190
2121 2191
2122 2124
2123 2188
2124 2252
2125 2377
2126 2379
2127 2378
2128 2505
2129 2507
2130 2506
2131 2441
2132 2442
2133 2443
2134 2381
2135 2383
2136 2382
2137 2509
2138 2511
2139 2510
2140 2445
2141 2446
2142 2447
2143 2380
2144 2444
2145 2508
2146 2313
2147 2314
2148 2315
2149 2316
2150 2317
2151 2318
2152 2319
2153 2120
2154 2184
2155 2248
2156 2312
2157 2376
2158 2440
2159 2504
2160 2624
2161 2625
2162 2627
2163 2626
2164 2752
2165 2753
2166 2755
2167 2754
2168 2688
2169 2689
2170 2690
2171 2691
2172 2629
2173 2631
2174 2630
2175 2757
2176 2759
2177 2758
2178 2693
2179 2694
2180 2695
2181 2628
2182 2692
2183 2756
2184 2880
2185 2881
2186 2883
2187 2882
2188 3008
2189 3009
2190 3011
2191 3010
2192 2944
2193 2945
2194 2946
2195 2947
2196 2885
2197 2887
2198 2886
2199 3013
2200 3015
2201 3014
2202 2949
2203 2950
2204 2951
2205 2884
2206 2948
2207 3012
2208 2816
2209 2817
2210 2818
2211 2819
2212 2820
2213 2821
2214 2822
2215 2823
2216 2633
2217 2635
2218 2634
2219 2761
2220 2763
2221 2762
2222 2697
2223 2698
2224 2699
2225 2637
2226 2639
2227 2638
2228 2765
2229 2767
2230 2766
2231 2701
2232 2702
2233 2703
2234 2636
2235 2700
2236 2764
2237 2889
2238 2891
2239 2890
2240 3017
2241 3019
2242 3018
2243 2953
2244 2954
2245 2955
2246 2893
2247 2895
2248 2894
2249 3021
2250 3023
2251 3022
2252 2957
2253 2958
2254 2959
2255 2892
2256 2956
2257 3020
2258 2825
2259 2826
2260 2827
2261 2828
2262 2829
2263 2830
2264 2831
2265 2632
2266 2696
2267 2760
2268 2824
2269 2888
2270 2952
2271 3016
2272 2560
2273 2561
2274 2562
2275 2563
2276 2564
2277 2565
2278 2566
2279 2567
2280 2568
2281 2569
2282 2570
2283 2571
2284 2572
2285 2573
2286 2574
2287 2575
2288 2129
2289 2131
2290 2130
2291 2257
2292 2259
2293 2258
2294 2193
2295 2194
2296 2195
2297 2133
2298 2135
2299 2134
2300 2261
2301 2263
2302 2262
2303 2197
2304 2198
2305 2199
2306 2132
2307 2196
2308 2260
2309 2385
2310 2387
2311 2386
2312 2513
2313 2515
2314 2514
2315 2449
2316 2450
2317 2451
2318 2389
2319 2391
2320 2390
2321 2517
2322 2519
2323 2518
2324 2453
2325 2454
2326 2455
2327 2388
2328 2452
2329 2516
2330 2321
2331 2322
2332 2323
2333 2324
2334 2325
2335 2326
2336 2327
2337 2137
2338 2139
2339 2138
2340 2265
2341 2267
2342 2266
2343 2201
2344 2202
2345 2203
2346 2141
2347 2143
2348 2142
2349 2269
2350 2271
2351 2270
2352 2205
2353 2206
2354 2207
2355 2140
2356 2204
2357 2268
2358 2393
2359 2395
2360 2394
2361 2521
2362 2523
2363 2522
2364 2457
2365 2458
2366 2459
2367 2397
2368 2399
2369 2398
2370 2525
2371 2527
2372 2526
2373 2461
2374 2462
2375 2463
2376 2396
2377 2460
2378 2524
2379 2329
2380 2330
2381 2331
2382 2332
2383 2333
2384 2334
2385 2335
2386 2136
2387 2200
2388 2264
2389 2328
2390 2392
2391 2456
2392 2520
2393 2641
2394 2643
2395 2642
2396 2769
2397 2771
2398 2770
2399 2705
2400 2706
2401 2707
2402 2645
2403 2647
2404 2646
2405 2773
2406 2775
2407 2774
2408 2709
2409 2710
2410 2711
2411 2644
2412 2708
2413 2772
2414 2897
2415 2899
2416 2898
2417 3025
2418 3027
2419 3026
2420 2961
2421 2962
2422 2963
2423 2901
2424 2903
2425 2902
2426 3029
2427 3031
2428 3030
2429 2965
2430 2966
2431 2967
2432 2900
2433 2964
2434 3028
2435 2833
2436 2834
2437 2835
2438 2836
2439 2837
2440 2838
2441 2839
2442 2649
2443 2651
2444 2650
2445 2777
2446 2779
2447 2778
2448 2713
2449 2714
2450 2715
2451 2653
2452 2655
2453 2654
2454 2781
2455 2783
2456 2782
2457 2717
2458 2718
2459 2719
2460 2652
2461 2716
2462 2780
2463 2905
2464 2907
2465 2906
2466 3033
2467 3035
2468 3034
2469 2969
2470 2970
2471 2971
2472 2909
2473 2911
2474 2910
2475 3037
2476 3039
2477 3038
2478 2973
2479 2974
2480 2975
2481 2908
2482 2972
2483 3036
2484 2841
2485 2842
2486 2843
2487 2844
2488 2845
2489 2846
2490 2847
2491 2648
2492 2712
2493 2776
2494 2840
2495 2904
2496 2968
2497 3032
2498 2577
2499 2578
2500 2579
2501 2580
2502 2581
2503 2582
2504 2583
2505 2584
2506 2585
2507 2586
2508 2587
2509 2588
2510 2589
2511 2590
2512 2591
2513 2128
2514 2192
2515 2256
2516 2320
2517 2384
2518 2448
2519 2512
2520 2576
2521 2640
2522 2704
2523 2768
2524 2832
2525 2896
2526 2960
2527 3024
2528 3136
2529 3137
2530 3139
2531 3138
2532 3264
2533 3265
2534 3267
2535 3266
2536 3200
2537 3201
2538 3202
2539 3203
2540 3141
2541 3143
2542 3142
2543 3269
2544 3271
2545 3270
2546 3205
2547 3206
2548 3207
2549 3140
2550 3204
2551 3268
2552 3392
2553 3393
2554 3395
2555 3394
2556 3520
2557 3521
2558 3523
2559 3522
2560 3456
2561 3457
2562 3458
2563 3459
2564 3397
2565 3399
2566 3398
2567 3525
2568 3527
2569 3526
2570 3461
2571 3462
2572 3463
2573 3396
2574 3460
2575 3524
2576 3328
2577 3329
2578 3330
2579 3331
2580 3332
2581 3333
2582 3334
2583 3335
2584 3145
2585 3147
2586 3146
2587 3273
2588 3275
2589 3274
2590 3209
2591 3210
2592 3211
2593 3149
2594 3151
2595 3150
2596 3277
2597 3279
2598 3278
2599 3213
2600 3214
2601 3215
2602 3148
2603 3212
2604 3276
2605 3401
2606 3403
2607 3402
2608 3529
2609 3531
2610 3530
2611 3465
2612 3466
2613 3467
2614 3405
2615 3407
2616 3406
2617 3533
2618 3535
2619 3534
2620 3469
2621 3470
2622 3471
2623 3404
2624 3468
2625 3532
2626 3337
2627 3338
2628 3339
2629 3340
2630 3341
2631 3342
2632 3343
2633 3144
2634 3208
2635 3272
2636 3336
2637 3400
2638 3464
2639 3528
2640 3648
2641 3649
2642 3651
2643 3650
2644 3776
2645 3777
2646 3779
2647 3778
2648 3712
2649 3713
2650 3714
2651 3715
2652 3653
2653 3655
2654 3654
2655 3781
2656 3783
2657 3782
2658 3717
2659 3718
2660 3719
2661 3652
2662 3716
2663 3780
2664 3904
2665 3905
2666 3907
2667 3906
2668 4032
2669 4033
2670 4035
2671 4034
2672 3968
2673 3969
2674 3970
2675 3971
2676 3909
2677 3911
2678 3910
2679 4037
2680 4039
2681 4038
2682 3973
2683 3974
2684 3975
2685 3908
2686 3972
2687 4036
2688 3840
2689 3841
2690 3842
2691 3843
2692 3844
2693 3845
2694 3846
2695 3847
2696 3657
2697 3659
2698 3658
2699 3785
2700 3787
2701 3786
2702 3721
2703 3722
2704 3723
2705 3661
2706 3663
2707 3662
2708 3789
2709 3791
2710 3790
2711 3725
2712 3726
2713 3727
2714 3660
2715 3724
2716 3788
2717 3913
2718 3915
2719 3914
2720 4041
2721 4043
2722 4042
2723 3977
2724 3978
2725 3979
2726 3917
2727 3919
2728 3918
2729 4045
2730 4047
2731 4046
2732 3981
2733 3982
2734 3983
2735 3916
2736 3980
2737 4044
2738 3849
2739 3850
2740 3851
2741 3852
2742 3853
2743 3854
2744 3855
2745 3656
2746 3720
2747 3784
2748 3848
2749 3912
2750 3976
2751 4040
2752 3584
2753 3585
2754 3586
2755 3587
2756 3588
2757 3589
2758 3590
2759 3591
2760 3592
2761 3593
2762 3594
2763 3595
2764 3596
2765 3597
2766 3598
2767 3599
2768 3153
2769 3155
2770 3154
2771 3281
2772 3283
2773 3282
2774 3217
2775 3218
2776 3219
2777 3157
2778 3159
2779 3158
2780 3285
2781 3287
2782 3286
2783 3221
2784 3222
2785 3223
2786 3156
2787 3220
2788 3284
2789 3409
2790 3411
2791 3410
2792 3537
2793 3539
2794 3538
2795 3473
2796 3474
2797 3475
2798 3413
2799 3415
2800 3414
2801 3541
2802 3543
2803 3542
2804 3477
2805 3478
2806 3479
2807 3412
2808 3476
2809 3540
2810 3345
2811 3346
2812 3347
2813 3348
2814 3349
2815 3350
2816 3351
2817 3161
2818 3163
2819 3162
2820 3289
2821 3291
2822 3290
2823 3225
2824 3226
2825 3227
2826 3165
2827 3167
2828 3166
2829 3293
2830 3295
2831 3294
2832 3229
2833 3230
2834 3231
2835 3164
2836 3228
2837 3292
2838 3417
2839 3419
2840 3418
2841 3545
2842 3547
2843 3546
2844 3481
2845 3482
2846 3483
2847 3421
2848 3423
2849 3422
2850 3549
2851 3551
2852 3550
2853 3485
2854 3486
2855 3487
2856 3420
2857 3484
2858 3548
2859 3353
2860 3354
2861 3355
2862 3356
2863 3357
2864 3358
2865 3359
2866 3160
2867 3224
2868 3288
2869 3352
2870 3416
2871 3480
2872 3544
2873 3665
2874 3667
2875 3666
2876 3793
2877 3795
2878 3794
2879 3729
2880 3730
2881 3731
2882 3669
2883 3671
2884 3670
2885 3797
2886 3799
2887 3798
2888 3733
2889 3734
2890 3735
2891 3668
2892 3732
2893 3796
2894 3921
2895 3923
2896 3922
2897 4049
2898 4051
2899 4050
2900 3985
2901 3986
2902 3987
2903 3925
2904 3927
2905 3926
2906 4053
2907 4055
2908 4054
2909 3989
2910 3990
2911 3991
2912 3924
2913 3988
2914 4052
2915 3857
2916 3858
2917 3859
2918 3860
2919 3861
2920 3862
2921 3863
2922 3673
2923 3675
2924 3674
2925 3801
2926 3803
2927 3802
2928 3737
2929 3738
2930 3739
2931 3677
2932 3679
2933 3678
2934 3805
2935 3807
2936 3806
2937 3741
2938 3742
2939 3743
2940 3676
2941 3740
2942 3804
2943 3929
2944 3931
2945 3930
2946 4057
2947 4059
2948 4058
2949 3993
2950 3994
2951 3995
2952 3933
2953 3935
2954 3934
2955 4061
2956 4063
2957 4062
2958 3997
2959 3998
2960 3999
2961 3932
2962 3996
2963 4060
2964 3865
2965 3866
2966 3867
2967 3868
2968 3869
2969 3870
2970 3871
2971 3672
2972 3736
2973 3800
2974 3864
2975 3928
2976 3992
2977 4056
2978 3601
2979 3602
2980 3603
2981 3604
2982 3605
2983 3606
2984 3607
2985 3608
2986 3609
2987 3610
2988 3611
2989 3612
2990 3613
2991 3614
2992 3615
2993 3152
2994 3216
2995 3280
2996 3344
2997 3408
2998 3472
2999 3536
3000 3600
3001 3664
3002 3728
3003 3792
3004 3856
3005 3920
3006 3984
3007 4048
3008 3072
3009 3073
3010 3074
3011 3075
3012 3076
3013 3077
3014 3078
3015 3079
3016 3080
3017 3081
3018 3082
3019 3083
3020 3084
3021 3085
3022 3086
3023 3087
3024 3088
3025 3089
3026 3090
3027 3091
3028 3092
3029 3093
3030 3094
3031 3095
3032 3096
3033 3097
3034 3098
3035 3099
3036 3100
3037 3101
3038 3102
3039 3103
3040 2145
3041 2147
3042 2146
3043 2273
3044 2275
3045 2274
3046 2209
3047 2210
3048 2211
3049 2149
3050 2151
3051 2150
3052 2277
3053 2279
3054 2278
3055 2213
3056 2214
3057 2215
3058 2148
3059 2212
3060 2276
3061 2401
3062 2403
3063 2402
3064 2529
3065 2531
3066 2530
3067 2465
3068 2466
3069 2467
3070 2405
3071 2407
3072 2406
3073 2533
3074 2535
3075 2534
3076 2469
3077 2470
3078 2471
3079 2404
3080 2468
3081 2532
3082 2337
3083 2338
3084 2339
3085 2340
3086 2341
3087 2342
3088 2343
3089 2153
3090 2155
3091 2154
3092 2281
3093 2283
3094 2282
3095 2217
3096 2218
3097 2219
3098 2157
3099 2159
3100 2158
3101 2285
3102 2287
3103 2286
3104 2221
3105 2222
3106 2223
3107 2156
3108 2220
3109 2284
3110 2409
3111 2411
3112 2410
3113 2537
3114 2539
3115 2538
3116 2473
3117 2474
3118 2475
3119 2413
3120 2415
3121 2414
3122 2541
3123 2543
3124 2542
3125 2477
3126 2478
3127 2479
3128 2412
3129 2476
3130 2540
3131 2345
3132 2346
3133 2347
3134 2348
3135 2349
3136 2350
3137 2351
3138 2152
3139 2216
3140 2280
3141 2344
3142 2408
3143 2472
3144 2536
3145 2657
3146 2659
3147 2658
3148 2785
3149 2787
3150 2786
3151 2721
3152 2722
3153 2723
3154 2661
3155 2663
3156 2662
3157 2789
3158 2791
3159 2790
3160 2725
3161 2726
3162 2727
3163 2660
3164 2724
3165 2788
3166 2913
3167 2915
3168 2914
3169 3041
3170 3043
3171 3042
3172 2977
3173 2978
3174 2979
3175 2917
3176 2919
3177 2918
3178 3045
3179 3047
3180 3046
3181 2981
3182 2982
3183 2983
3184 2916
3185 2980
3186 3044
3187 2849
3188 2850
3189 2851
3190 2852
3191 2853
3192 2854
3193 2855
3194 2665
3195 2667
3196 2666
3197 2793
3198 2795
3199 2794
3200 2729
3201 2730
3202 2731
3203 2669
3204 2671
3205 2670
3206 2797
3207 2799
3208 2798
3209 2733
3210 2734
3211 2735
3212 2668
3213 2732
3214 2796
3215 2921
3216 2923
3217 2922
3218 3049
3219 3051
3220 3050
3221 2985
3222 2986
3223 2987
3224 2925
3225 2927
3226 2926
3227 3053
3228 3055
3229 3054
3230 2989
3231 2990
3232 2991
3233 2924
3234 2988
3235 3052
3236 2857
3237 2858
3238 2859
3239 2860
3240 2861
3241 2862
3242 2863
3243 2664
3244 2728
3245 2792
3246 2856
3247 2920
3248 2984
3249 3048
3250 2593
3251 2594
3252 2595
3253 2596
3254 2597
3255 2598
3256 2599
3257 2600
3258 2601
3259 2602
3260 2603
3261 2604
3262 2605
3263 2606
3264 2607
3265 2161
3266 2163
3267 2162
3268 2289
3269 2291
3270 2290
3271 2225
3272 2226
3273 2227
3274 2165
3275 2167
3276 2166
3277 2293
3278 2295
3279 2294
3280 2229
3281 2230
3282 2231
3283 2164
3284 2228
3285 2292
3286 2417
3287 2419
3288 2418
3289 2545
3290 2547
3291 2546
3292 2481
3293 2482
3294 2483
3295 2421
3296 2423
3297 2422
3298 2549
3299 2551
3300 2550
3301 2485
3302 2486
3303 2487
3304 2420
3305 2484
3306 2548
3307 2353
3308 2354
3309 2355
3310 2356
3311 2357
3312 2358
3313 2359
3314 2169
3315 2171
3316 2170
3317 2297
3318 2299
3319 2298
3320 2233
3321 2234
3322 2235
3323 2173
3324 2175
3325 2174
3326 2301
3327 2303
3328 2302
3329 2237
3330 2238
3331 2239
3332 2172
3333 2236
3334 2300
3335 2425
3336 2427
3337 2426
3338 2553
3339 2555
3340 2554
3341 2489
3342 2490
3343 2491
3344 2429
3345 2431
3346 2430
3347 2557
3348 2559
3349 2558
3350 2493
3351 2494
3352 2495
3353 2428
3354 2492
3355 2556
3356 2361
3357 2362
3358 2363
3359 2364
3360 2365
3361 2366
3362 2367
3363 2168
3364 2232
3365 2296
3366 2360
3367 2424
3368 2488
3369 2552
3370 2673
3371 2675
3372 2674
3373 2801
3374 2803
3375 2802
3376 2737
3377 2738
3378 2739
3379 2677
3380 2679
3381 2678
3382 2805
3383 2807
3384 2806
3385 2741
3386 2742
3387 2743
3388 2676
3389 2740
3390 2804
3391 2929
3392 2931
3393 2930
3394 3057
3395 3059
3396 3058
3397 2993
3398 2994
3399 2995
3400 2933
3401 2935
3402 2934
3403 3061
3404 3063
3405 3062
3406 2997
3407 2998
3408 2999
3409 2932
3410 2996
3411 3060
3412 2865
3413 2866
3414 2867
3415 2868
3416 2869
3417 2870
3418 2871
3419 2681
3420 2683
3421 2682
3422 2809
3423 2811
3424 2810
3425 2745
3426 2746
3427 2747
3428 2685
3429 2687
3430 2686
3431 2813
3432 2815
3433 2814
3434 2749
3435 2750
3436 2751
3437 2684
3438 2748
3439 2812
3440 2937
3441 2939
3442 2938
3443 3065
3444 3067
3445 3066
3446 3001
3447 3002
3448 3003
3449 2941
3450 2943
3451 2942
3452 3069
3453 3071
3454 3070
3455 3005
3456 3006
3457 3007
3458 2940
3459 3004
3460 3068
3461 2873
3462 2874
3463 2875
3464 2876
3465 2877
3466 2878
3467 2879
3468 2680
3469 2744
3470 2808
3471 2872
3472 2936
3473 3000
3474 3064
3475 2609
3476 2610
3477 2611
3478 2612
3479 2613
3480 2614
3481 2615
3482 2616
3483 2617
3484 2618
3485 2619
3486 2620
3487 2621
3488 2622
3489 2623
3490 2160
3491 2224
3492 2288
3493 2352
3494 2416
3495 2480
3496 2544
3497 2608
3498 2672
3499 2736
3500 2800
3501 2864
3502 2928
3503 2992
3504 3056
3505 3169
3506 3171
3507 3170
3508 3297
3509 3299
3510 3298
3511 3233
3512 3234
3513 3235
3514 3173
3515 3175
3516 3174
3517 3301
3518 3303
3519 3302
3520 3237
3521 3238
3522 3239
3523 3172
3524 3236
3525 3300
3526 3425
3527 3427
3528 3426
3529 3553
3530 3555
3531 3554
3532 3489
3533 3490
3534 3491
3535 3429
3536 3431
3537 3430
3538 3557
3539 3559
3540 3558
3541 3493
3542 3494
3543 3495
3544 3428
3545 3492
3546 3556
3547 3361
3548 3362
3549 3363
3550 3364
3551 3365
3552 3366
3553 3367
3554 3177
3555 3179
3556 3178
3557 3305
3558 3307
3559 3306
3560 3241
3561 3242
3562 3243
3563 3181
3564 3183
3565 3182
3566 3309
3567 3311
3568 3310
3569 3245
3570 3246
3571 3247
3572 3180
3573 3244
3574 3308
3575 3433
3576 3435
3577 3434
3578 3561
3579 3563
3580 3562
3581 3497
3582 3498
3583 3499
3584 3437
3585 3439
3586 3438
3587 3565
3588 3567
3589 3566
3590 3501
3591 3502
3592 3503
3593 3436
3594 3500
3595 3564
3596 3369
3597 3370
3598 3371
3599 3372
3600 3373
3601 3374
3602 3375
3603 3176
3604 3240
3605 3304
3606 3368
3607 3432
3608 3496
3609 3560
3610 3681
3611 3683
3612 3682
3613 3809
3614 3811
3615 3810
3616 3745
3617 3746
3618 3747
3619 3685
3620 3687
3621 3686
3622 3813
3623 3815
3624 3814
3625 3749
3626 3750
3627 3751
3628 3684
3629 3748
3630 3812
3631 3937
3632 3939
3633 3938
3634 4065
3635 4067
3636 4066
3637 4001
3638 4002
3639 4003
3640 3941
3641 3943
3642 3942
3643 4069
3644 4071
3645 4070
3646 4005
3647 4006
3648 4007
3649 3940
3650 4004
3651 4068
3652 3873
3653 3874
3654 3875
3655 3876
3656 3877
3657 3878
3658 3879
3659 3689
3660 3691
3661 3690
3662 3817
3663 3819
3664 3818
3665 3753
3666 3754
3667 3755
3668 3693
3669 3695
3670 3694
3671 3821
3672 3823
3673 3822
3674 3757
3675 3758
3676 3759
3677 3692
3678 3756
3679 3820
3680 3945
3681 3947
3682 3946
3683 4073
3684 4075
3685 4074
3686 4009
3687 4010
3688 4011
3689 3949
3690 3951
3691 3950
3692 4077
3693 4079
3694 4078
3695 4013
3696 4014
3697 4015
3698 3948
3699 4012
3700 4076
3701 3881
3702 3882
3703 3883
3704 3884
3705 3885
3706 3886
3707 3887
3708 3688
3709 3752
3710 3816
3711 3880
3712 3944
3713 4008
3714 4072
3715 3617
3716 3618
3717 3619
3718 3620
3719 3621
3720 3622
3721 3623
3722 3624
3723 3625
3724 3626
3725 3627
3726 3628
3727 3629
3728 3630
3729 3631
3730 3185
3731 3187
3732 3186
3733 3313
3734 3315
3735 3314
3736 3249
3737 3250
3738 3251
3739 3189
3740 3191
3741 3190
3742 3317
3743 3319
3744 3318
3745 3253
3746 3254
3747 3255
3748 3188
3749 3252
3750 3316
3751 3441
3752 3443
3753 3442
3754 3569
3755 3571
3756 3570
3757 3505
3758 3506
3759 3507
3760 3445
3761 3447
3762 3446
3763 3573
3764 3575
3765 3574
3766 3509
3767 3510
3768 3511
3769 3444
3770 3508
3771 3572
3772 3377
3773 3378
3774 3379
3775 3380
3776 3381
3777 3382
3778 3383
3779 3193
3780 3195
3781 3194
3782 3321
3783 3323
3784 3322
3785 3257
3786 3258
3787 3259
3788 3197
3789 3199
3790 3198
3791 3325
3792 3327
3793 3326
3794 3261
3795 3262
3796 3263
3797 3196
3798 3260
3799 3324
3800 3449
3801 3451
3802 3450
3803 3577
3804 3579
3805 3578
3806 3513
3807 3514
3808 3515
3809 3453
3810 3455
3811 3454
3812 3581
3813 3583
3814 3582
3815 3517
3816 3518
3817 3519
3818 3452
3819 3516
3820 3580
3821 3385
3822 3386
3823 3387
3824 3388
3825 3389
3826 3390
3827 3391
3828 3192
3829 3256
3830 3320
3831 3384
3832 3448
3833 3512
3834 3576
3835 3697
3836 3699
3837 3698
3838 3825
3839 3827
3840 3826
3841 3761
3842 3762
3843 3763
3844 3701
3845 3703
3846 3702
3847 3829
3848 3831
3849 3830
3850 3765
3851 3766
3852 3767
3853 3700
3854 3764
3855 3828
3856 3953
3857 3955
3858 3954
3859 4081
3860 4083
3861 4082
3862 4017
3863 4018
3864 4019
3865 3957
3866 3959
3867 3958
3868 4085
3869 4087
3870 4086
3871 4021
3872 4022
3873 4023
3874 3956
3875 4020
3876 4084
3877 3889
3878 3890
3879 3891
3880 3892
3881 3893
3882 3894
3883 3895
3884 3705
3885 3707
3886 3706
3887 3833
3888 3835
3889 3834
3890 3769
3891 3770
3892 3771
3893 3709
3894 3711
3895 3710
3896 3837
3897 3839
3898 3838
3899 3773
3900 3774
3901 3775
3902 3708
3903 3772
3904 3836
3905 3961
3906 3963
3907 3962
3908 4089
3909 4091
3910 4090
3911 4025
3912 4026
3913 4027
3914 3965
3915 3967
3916 3966
3917 4093
3918 4095
3919 4094
3920 4029
3921 4030
3922 4031
3923 3964
3924 4028
3925 4092
3926 3897
3927 3898
3928 3899
3929 3900
3930 3901
3931 3902
3932 3903
3933 3704
3934 3768
3935 3832
3936 3896
3937 3960
3938 4024
3939 4088
3940 3633
3941 3634
3942 3635
3943 3636
3944 3637
3945 3638
3946 3639
3947 3640
3948 3641
3949 3642
3950 3643
3951 3644
3952 3645
3953 3646
3954 3647
3955 3184
3956 3248
3957 3312
3958 3376
3959 3440
3960 3504
3961 3568
3962 3632
3963 3696
3964 3760
3965 3824
3966 3888
3967 3952
3968 4016
3969 4080
3970 3105
3971 3106
3972 3107
3973 3108
3974 3109
3975 3110
3976 3111
3977 3112
3978 3113
3979 3114
3980 3115
3981 3116
3982 3117
3983 3118
3984 3119
3985 3120
3986 3121
3987 3122
3988 3123
3989 3124
3990 3125
3991 3126
3992 3127
3993 3128
3994 3129
3995 3130
3996 3131
3997 3132
3998 3133
3999 3134
4000 3135
4001 2144
4002 2208
4003 2272
4004 2336
4005 2400
4006 2464
4007 2528
4008 2592
4009 2656
4010 2720
4011 2784
4012 2848
4013 2912
4014 2976
4015 3040
4016 3104
4017 3168
4018 3232
4019 3296
4020 3360
4021 3424
4022 3488
4023 3552
4024 3616
4025 3680
4026 3744
4027 3808
4028 3872
4029 3936
4030 4000
4031 4064
4032 2048
4033 2049
4034 2050
4035 2051
4036 2052
4037 2053
4038 2054
4039 2055
4040 2056
4041 2057
4042 2058
4043 2059
4044 2060
4045 2061
4046 2062
4047 2063
4048 2064
4049 2065
4050 2066
4051 2067
4052 2068
4053 2069
4054 2070
4055 2071
4056 2072
4057 2073
4058 2074
4059 2075
4060 2076
4061 2077
4062 2078
4063 2079
4064 2080
4065 2081
4066 2082
4067 2083
4068 2084
4069 2085
4070 2086
4071 2087
4072 2088
4073 2089
4074 2090
4075 2091
4076 2092
4077 2093
4078 2094
4079 2095
4080 2096
4081 2097
4082 2098
4083 2099
4084 2100
4085 2101
4086 2102
4087 2103
4088 2104
4089 2105
4090 2106
4091 2107
4092 2108
4093 2109
4094 2110
4095 2111
