-0.981802180755
-0.95512437473
-0.912262626492
-0.855468328368
-0.787611232735
-0.711940762811
-0.63182937061
-0.550528432391
-0.470959637776
-0.39555931548
-0.326184663029
-0.264082394791
-0.209913009345
-0.163818615918
-0.125519483137
-0.0944241370778
-0.0697387927137
-0.0505701251887
-0.0360029116824
-0.0251654797364
-0.0172701772563
-0.0116362319237
-0.00769753965051
-0.00499937245522
-0.00318788791892
-0.00199578882757
-0.0012267332104
-0.00074030324117
-0.000438624787938
-0.000255153003019
-0.000145724370991
-8.17123474303e-005
-0.95512437473
-0.929171465581
-0.887474368866
-0.832223301445
-0.76621003797
-0.692595707418
-0.614661124581
-0.535569318408
-0.458162589543
-0.384811066091
-0.317321481281
-0.256906673407
-0.204209193795
-0.159367290239
-0.122108832306
-0.0918584177685
-0.0678438305504
-0.0491960194708
-0.0350246304023
-0.0244816762166
-0.0168009071244
-0.0113200489449
-0.00748837993005
-0.00486352809551
-0.00310126572842
-0.00194155869012
-0.00119340006929
-0.000720187512508
-0.000426706351374
-0.00024821991359
-0.000141764707244
-7.94920364579e-005
-0.912262626492
-0.887474368866
-0.847648453025
-0.794876808602
-0.731825927781
-0.66151508208
-0.587077857867
-0.511535341371
-0.437602283384
-0.367542451164
-0.303081499765
-0.245377840673
-0.195045190359
-0.152215592667
-0.116629129174
-0.0877362191522
-0.0647993001609
-0.046988320184
-0.0334528802406
-0.0233830471059
-0.0160469568846
-0.0108120553257
-0.00715233463191
-0.00464527451274
-0.00296209466925
-0.00185443014229
-0.00113984556407
-0.000687868689262
-0.000407557661749
-0.000237080904132
-0.000135402935571
-7.59247862194e-005
-0.855468328368
-0.832223301445
-0.794876808602
-0.745390543213
-0.68626499093
-0.62033145393
-0.550528432391
-0.479688930222
-0.410358687274
-0.344660536529
-0.284212699758
-0.230101469778
-0.182902355207
-0.142739179299
-0.109368205247
-0.082274067309
-0.0607651211157
-0.0440629908026
-0.0313702202715
-0.0219272999232
-0.015047929163
-0.0101389343672
-0.00670705515474
-0.00435607587862
-0.0027776849578
-0.00173897977165
-0.00106888274382
-0.00064504437719
-0.000382184539282
-0.000222321071647
-0.000126973219757
-7.11979731084e-005
-0.787611232735
-0.76621003797
-0.731825927781
-0.68626499093
-0.63182937061
-0.571125785645
-0.506859649752
-0.441639248507
-0.377808389662
-0.317321519744
-0.261668500624
-0.21184945866
-0.168394252221
-0.131416882705
-0.100692946893
-0.0757479586637
-0.0559451359707
-0.040567844949
-0.0288818849744
-0.0201879919459
-0.0138543037131
-0.0093346981189
-0.00617504097261
-0.00401054507674
-0.00255735461059
-0.00160104115633
-0.000984097280512
-0.000593878440896
-0.000351869059478
-0.000204686213968
-0.000116901503914
-6.5550437706e-005
-0.711940762811
-0.692595707418
-0.66151508208
-0.62033145393
-0.571125785645
-0.516254353155
-0.458162645078
-0.399208353565
-0.341510102895
-0.286834564355
-0.236528459975
-0.191495828057
-0.152215620342
-0.11879088544
-0.0910187798763
-0.0684704042186
-0.0505701558373
-0.0366702521221
-0.0261070314459
-0.0182484121458
-0.0125232388059
-0.008437858455
-0.00558176826042
-0.00362522828847
-0.00231165442615
-0.00144721966213
-0.000889549233745
-0.000536821026233
-0.000318062917596
-0.000185020798654
-0.000105670084949
-5.92526194186e-005
-0.63182937061
-0.614661124581
-0.587077857867
-0.550528432391
-0.506859649752
-0.458162645078
-0.406607727493
-0.354287288986
-0.303081554871
-0.254558401109
-0.209913009345
-0.169947690645
-0.135087502531
-0.10542389803
-0.0807768587035
-0.0607657471838
-0.0448797307351
-0.03254391872
-0.0231693282764
-0.0161950029595
-0.0111140568233
-0.00748838537614
-0.00495367776519
-0.00321729816224
-0.00205153467457
-0.00128437074546
-0.000789452384021
-0.000476415045818
-0.00028227277259
-0.00016420126627
-9.37795203665e-005
-5.25851969571e-005
-0.550528432391
-0.535569318408
-0.511535341371
-0.479688930222
-0.441639248507
-0.399208353565
-0.354287288986
-0.308699207245
-0.264082394791
-0.221802980414
-0.182902355207
-0.148079592484
-0.117705055294
-0.0918584289029
-0.0703828588288
-0.0529466863939
-0.0391048105027
-0.0283563148378
-0.020188004181
-0.014111103419
-0.0096839503908
-0.00652481390393
-0.00431626097408
-0.00280331082438
-0.00178755249585
-0.00111910374224
-0.000687869231219
-0.000415112118148
-0.000245951192251
-0.000143072591939
-8.17123969529e-005
-4.58187722736e-005
-0.470959637776
-0.458162589543
-0.437602283384
-0.410358687274
-0.377808389662
-0.341510102895
-0.303081554871
-0.264082394791
-0.225914124823
-0.189745424882
-0.156467172063
-0.126677401448
-0.100692946893
-0.07858197662
-0.060210306588
-0.045294213302
-0.0334529268718
-0.024257929253
-0.0172701981898
-0.0120716020533
-0.00828431285281
-0.00558177164331
-0.0036924245603
-0.00239814362483
-0.00152919454549
-0.000957357807647
-0.000588450341366
-0.000355115269797
-0.000210403455295
-0.000122394071061
-6.99023676282e-005
-3.91965085248e-005
-0.39555931548
-0.384811066091
-0.367542451164
-0.344660536529
-0.317321519744
-0.286834564355
-0.254558401109
-0.221802980414
-0.189745424882
-0.159367309556
-0.131416882705
-0.106396434395
-0.0845720735954
-0.0660010548413
-0.0505706768658
-0.0380426401157
-0.0280971357051
-0.0203742510411
-0.0145052510369
-0.0101389466569
-0.00695799991854
-0.004688133745
-0.00310126986344
-0.00201420243811
-0.00128437152387
-0.000804085464416
-0.000494239836186
-0.000298261553157
-0.000176718003148
-0.000102798862332
-5.87110454306e-005
-3.29211737857e-005
-0.326184663029
-0.317321481281
-0.303081499765
-0.284212699758
-0.261668500624
-0.236528459975
-0.209913009345
-0.182902355207
-0.156467172063
-0.131416882705
-0.108368504858
-0.0877362351042
-0.0697395112383
-0.0544255462845
-0.0417014049399
-0.0313705815064
-0.0231693563604
-0.016800939708
-0.0119612665824
-0.00836074077719
-0.00573768021624
-0.00386591154854
-0.00255735771041
-0.00166094418166
-0.00105911370639
-0.000663061988411
-0.00040755822986
-0.000245951341312
-0.000145724547627
-8.47696185057e-005
-4.8414085626e-005
-2.71473368406e-005
-0.264082394791
-0.256906673407
-0.245377840673
-0.230101469778
-0.21184945866
-0.191495828057
-0.169947690645
-0.148079592484
-0.126677401448
-0.106396434395
-0.0877362351042
-0.0710321413064
-0.0564618120556
-0.0440634714923
-0.0337618782576
-0.0253979393551
-0.0187581447166
-0.0136022103296
-0.00968396212892
-0.00676894010332
-0.00464528380329
-0.00312988100148
-0.00207046260922
-0.00134471717043
-0.00085746914445
-0.000536821676925
-0.000329963255656
-0.000199124687877
-0.000117980064298
-6.86303385714e-005
-3.91965322802e-005
-2.1978757856e-005
-0.209913009345
-0.204209193795
-0.195045190359
-0.182902355207
-0.168394252221
-0.152215620342
-0.135087502531
-0.117705055294
-0.100692946893
-0.0845720735954
-0.0697395112383
-0.0564618120556
-0.0448801931347
-0.0350250379639
-0.0268365389212
-0.0201882366503
-0.0149104169186
-0.0108120835026
-0.00769755831121
-0.00538047448521
-0.00369242903596
-0.0024878702741
-0.00164576301037
-0.00106888468725
-0.000681582460939
-0.000426707178925
-0.000262280187299
-0.000158279625191
-9.37796340386e-005
-5.45526744156e-005
-3.1156420152e-005
-1.74704080781e-005
-0.163818615918
-0.159367290239
-0.152215592667
-0.142739179299
-0.131416882705
-0.11879088544
-0.10542389803
-0.0918584289029
-0.07858197662
-0.0660010548413
-0.0544255462845
-0.0440634714923
-0.0350250379639
-0.027333957336
-0.0209435550269
-0.015755140647
-0.0116362671851
-0.00843787891042
-0.00600726630723
-0.00419898645585
-0.00288161565561
-0.00194156363227
-0.00128437308068
-0.000834170357456
-0.000531915081077
-0.000333007371348
-0.000204686586124
-0.000123523307144
-7.31867448206e-005
-4.25735577097e-005
-2.43148418584e-005
-1.36341148164e-005
-0.125519483137
-0.122108832306
-0.116629129174
-0.109368205247
-0.100692946893
-0.0910187798763
-0.0807768587035
-0.0703828588288
-0.060210306588
-0.0505706768658
-0.0417014049399
-0.0337618782576
-0.0268365389212
-0.0209435550269
-0.0160471640375
-0.0120717483766
-0.0089158258024
-0.006465188304
-0.00460282830328
-0.00321730596175
-0.00220792310853
-0.00148764572473
-0.000984099666203
-0.000639149778733
-0.00040755872387
-0.000255153621572
-0.000156832935937
-9.4644809329e-005
-5.60764253251e-005
-3.26202912232e-005
-1.86302781618e-005
-1.04465968974e-005
-0.0944241370778
-0.0918584177685
-0.0877362191522
-0.082274067309
-0.0757479586637
-0.0684704042186
-0.0607657471838
-0.0529466863939
-0.045294213302
-0.0380426401157
-0.0313705815064
-0.0253979393551
-0.0201882366503
-0.015755140647
-0.0120717483766
-0.00908117524859
-0.00670707954405
-0.0048635463706
-0.00346255481454
-0.00242027238769
-0.00166094720155
-0.00111910645522
-0.000740305484515
-0.00048081114431
-0.000306592887798
-0.000191943592637
-0.000117980207304
-7.11981457096e-005
-4.21844317663e-005
-2.45391613557e-005
-1.40149393144e-005
-7.85862778261e-006
-0.0697387927137
-0.0678438305504
-0.0647993001609
-0.0607651211157
-0.0559451359707
-0.0505701558373
-0.0448797307351
-0.0391048105027
-0.0334529268718
-0.0280971357051
-0.0231693563604
-0.0187581447166
-0.0149104169186
-0.0116362671851
-0.0089158258024
-0.00670707954405
-0.00495364474077
-0.00359206726892
-0.0025573375616
-0.00178753949551
-0.0012267250322
-0.00082653795439
-0.000546767090779
-0.000355112471929
-0.000226440172094
-0.000141763693415
-8.7136588971e-005
-5.2584782651e-005
-3.11561369131e-005
-1.81238774334e-005
-1.03510074648e-005
-5.80414320857e-006
-0.0505701251887
-0.0491960194708
-0.046988320184
-0.0440629908026
-0.040567844949
-0.0366702521221
-0.03254391872
-0.0283563148378
-0.024257929253
-0.0203742510411
-0.016800939708
-0.0136022103296
-0.0108120835026
-0.00843787891042
-0.006465188304
-0.0048635463706
-0.00359206726892
-0.002604738115
-0.00185441811663
-0.00129620964961
-0.000889542764317
-0.000599352615672
-0.000396480626547
-0.000257504918895
-0.000164199972568
-0.000102797990103
-6.3185897566e-005
-3.81311310134e-005
-2.25924436426e-005
-1.31422801435e-005
-7.5058905231e-006
-4.20879452094e-006
-0.0360029116824
-0.0350246304023
-0.0334528802406
-0.0313702202715
-0.0288818849744
-0.0261070314459
-0.0231693282764
-0.020188004181
-0.0172701981898
-0.0145052510369
-0.0119612665824
-0.00968396212892
-0.00769755831121
-0.00600726630723
-0.00460282830328
-0.00346255481454
-0.0025573375616
-0.00185441811663
-0.00132023504838
-0.00092282392742
-0.000633301370363
-0.000426703299786
-0.000282270548631
-0.000183328137278
-0.000116900582875
-7.31860351344e-005
-4.49845888487e-005
-2.71470900478e-005
-1.60844718126e-005
-9.35651927982e-006
-5.34374618596e-006
-2.99641056575e-006
-0.0251654797364
-0.0244816762166
-0.0233830471059
-0.0219272999232
-0.0201879919459
-0.0182484121458
-0.0161950029595
-0.014111103419
-0.0120716020533
-0.0101389466569
-0.00836074077719
-0.00676894010332
-0.00538047448521
-0.00419898645585
-0.00321730596175
-0.00242027238769
-0.00178753949551
-0.00129620964961
-0.00092282392742
-0.000645039685974
-0.000442667885961
-0.000298259022463
-0.000197302758022
-0.00012814353918
-8.17117036384e-005
-5.11559092889e-005
-3.14435334872e-005
-1.89753970603e-005
-1.12427976115e-005
-6.54006260429e-006
-3.73519612929e-006
-2.09444475046e-006
-0.0172701772563
-0.0168009071244
-0.0160469568846
-0.015047929163
-0.0138543037131
-0.0125232388059
-0.0111140568233
-0.0096839503908
-0.00828431285281
-0.00695799991854
-0.00573768021624
-0.00464528380329
-0.00369242903596
-0.00288161565561
-0.00220792310853
-0.00166094720155
-0.0012267250322
-0.000889542764317
-0.000633301370363
-0.000442667885961
-0.000303787288631
-0.000204684601294
-0.000135401893383
-8.7940371456e-005
-5.60758475709e-005
-3.51064883475e-005
-2.15785831455e-005
-1.30221427992e-005
-7.7155337248e-006
-4.48821328369e-006
-2.56333278425e-006
-1.43734323656e-006
-0.0116362319237
-0.0113200489449
-0.0108120553257
-0.0101389343672
-0.0093346981189
-0.008437858455
-0.00748838537614
-0.00652481390393
-0.00558177164331
-0.004688133745
-0.00386591154854
-0.00312988100148
-0.0024878702741
-0.00194156363227
-0.00148764572473
-0.00111910645522
-0.00082653795439
-0.000599352615672
-0.000426703299786
-0.000298259022463
-0.000204684601294
-0.00013791158345
-9.1230553742e-005
-5.92521166711e-005
-3.77825634313e-005
-2.36539112701e-005
-1.45391326528e-005
-8.77400802014e-006
-5.19854188551e-006
-3.02405064622e-006
-1.72711225442e-006
-9.6844745751e-007
-0.00769753965051
-0.00748837993005
-0.00715233463191
-0.00670705515474
-0.00617504097261
-0.00558176826042
-0.00495367776519
-0.00431626097408
-0.0036924245603
-0.00310126986344
-0.00255735771041
-0.00207046260922
-0.00164576301037
-0.00128437308068
-0.000984099666203
-0.000740305484515
-0.000546767090779
-0.000396480626547
-0.000282270548631
-0.000197302758022
-0.000135401893383
-9.1230553742e-005
-6.03503616437e-005
-3.91961521945e-005
-2.49937249461e-005
-1.56474124171e-005
-9.61785144988e-006
-5.80413617326e-006
-3.43891240316e-006
-2.00045426277e-006
-1.14251032004e-006
-6.40642327558e-007
-0.00499937245522
-0.00486352809551
-0.00464527451274
-0.00435607587862
-0.00401054507674
-0.00362522828847
-0.00321729816224
-0.00280331082438
-0.00239814362483
-0.00201420243811
-0.00166094418166
-0.00134471717043
-0.00106888468725
-0.000834170357456
-0.000639149778733
-0.00048081114431
-0.000355112471929
-0.000257504918895
-0.000183328137278
-0.00012814353918
-8.7940371456e-005
-5.92521166711e-005
-3.91961521945e-005
-2.54569865865e-005
-1.62328413652e-005
-1.01626293836e-005
-6.24657017698e-006
-3.76965106104e-006
-2.23349339203e-006
-1.29924838238e-006
-7.42033803418e-007
-4.16082248545e-007
-0.00318788791892
-0.00310126572842
-0.00296209466925
-0.0027776849578
-0.00255735461059
-0.00231165442615
-0.00205153467457
-0.00178755249585
-0.00152919454549
-0.00128437152387
-0.00105911370639
-0.00085746914445
-0.000681582460939
-0.000531915081077
-0.00040755872387
-0.000306592887798
-0.000226440172094
-0.000164199972568
-0.000116900582875
-8.17117036384e-005
-5.60758475709e-005
-3.77825634313e-005
-2.49937249461e-005
-1.62328413652e-005
-1.03509949181e-005
-6.48027802019e-006
-3.98317304426e-006
-2.40374670695e-006
-1.42420407065e-006
-8.28475625482e-007
-4.73163505726e-007
-2.65318014469e-007
-0.00199578882757
-0.00194155869012
-0.00185443014229
-0.00173897977165
-0.00160104115633
-0.00144721966213
-0.00128437074546
-0.00111910374224
-0.000957357807647
-0.000804085464416
-0.000663061988411
-0.000536821676925
-0.000426707178925
-0.000333007371348
-0.000255153621572
-0.000191943592637
-0.000141763693415
-0.000102797990103
-7.31860351344e-005
-5.11559092889e-005
-3.51064883475e-005
-2.36539112701e-005
-1.56474124171e-005
-1.01626293836e-005
-6.48027802019e-006
-4.05700162653e-006
-2.49367997314e-006
-1.5048743695e-006
-8.9162813897e-007
-5.18670178911e-007
-2.96225733891e-007
-1.66103308052e-007
-0.0012267332104
-0.00119340006929
-0.00113984556407
-0.00106888274382
-0.000984097280512
-0.000889549233745
-0.000789452384021
-0.000687869231219
-0.000588450341366
-0.000494239836186
-0.00040755822986
-0.000329963255656
-0.000262280187299
-0.000204686586124
-0.000156832935937
-0.000117980207304
-8.7136588971e-005
-6.3185897566e-005
-4.49845888487e-005
-3.14435334872e-005
-2.15785831455e-005
-1.45391326528e-005
-9.61785144988e-006
-6.24657017698e-006
-3.98317304426e-006
-2.49367997314e-006
-1.53276739348e-006
-9.24987323835e-007
-5.48048888887e-007
-3.18806240884e-007
-1.82078354443e-007
-1.02097196622e-007
-0.00074030324117
-0.000720187512508
-0.000687868689262
-0.00064504437719
-0.000593878440896
-0.000536821026233
-0.000476415045818
-0.000415112118148
-0.000355115269797
-0.000298261553157
-0.000245951341312
-0.000199124687877
-0.000158279625191
-0.000123523307144
-9.4644809329e-005
-7.11981457096e-005
-5.2584782651e-005
-3.81311310134e-005
-2.71470900478e-005
-1.89753970603e-005
-1.30221427992e-005
-8.77400802014e-006
-5.80413617326e-006
-3.76965106104e-006
-2.40374670695e-006
-1.5048743695e-006
-9.24987323835e-007
-5.58207039697e-007
-3.30733989528e-007
-1.92391704594e-007
-1.09879796844e-007
-6.16131404391e-008
-0.000438624787938
-0.000426706351374
-0.000407557661749
-0.000382184539282
-0.000351869059478
-0.000318062917596
-0.00028227277259
-0.000245951192251
-0.000210403455295
-0.000176718003148
-0.000145724547627
-0.000117980064298
-9.37796340386e-005
-7.31867448206e-005
-5.60764253251e-005
-4.21844317663e-005
-3.11561369131e-005
-2.25924436426e-005
-1.60844718126e-005
-1.12427976115e-005
-7.7155337248e-006
-5.19854188551e-006
-3.43891240316e-006
-2.23349339203e-006
-1.42420407065e-006
-8.9162813897e-007
-5.48048888887e-007
-3.30733989528e-007
-1.95957707535e-007
-1.13990816108e-007
-6.51030549498e-008
-3.65053793586e-008
-0.000255153003019
-0.00024821991359
-0.000237080904132
-0.000222321071647
-0.000204686213968
-0.000185020798654
-0.00016420126627
-0.000143072591939
-0.000122394071061
-0.000102798862332
-8.47696185057e-005
-6.86303385714e-005
-5.45526744156e-005
-4.25735577097e-005
-3.26202912232e-005
-2.45391613557e-005
-1.81238774334e-005
-1.31422801435e-005
-9.35651927982e-006
-6.54006260429e-006
-4.48821328369e-006
-3.02405064622e-006
-2.00045426277e-006
-1.29924838238e-006
-8.28475625482e-007
-5.18670178911e-007
-3.18806240884e-007
-1.92391704594e-007
-1.13990816108e-007
-6.63097477536e-008
-3.78711838295e-008
-2.12355923009e-008
-0.000145724370991
-0.000141764707244
-0.000135402935571
-0.000126973219757
-0.000116901503914
-0.000105670084949
-9.37795203665e-005
-8.17123969529e-005
-6.99023676282e-005
-5.87110454306e-005
-4.8414085626e-005
-3.91965322802e-005
-3.1156420152e-005
-2.43148418584e-005
-1.86302781618e-005
-1.40149393144e-005
-1.03510074648e-005
-7.5058905231e-006
-5.34374618596e-006
-3.73519612929e-006
-2.56333278425e-006
-1.72711225442e-006
-1.14251032004e-006
-7.42033803418e-007
-4.73163505726e-007
-2.96225733891e-007
-1.82078354443e-007
-1.09879796844e-007
-6.51030549498e-008
-3.78711838295e-008
-2.16291965093e-008
-1.21281869861e-008
-8.17123474303e-005
-7.94920364579e-005
-7.59247862194e-005
-7.11979731084e-005
-6.5550437706e-005
-5.92526194186e-005
-5.25851969571e-005
-4.58187722736e-005
-3.91965085248e-005
-3.29211737857e-005
-2.71473368406e-005
-2.1978757856e-005
-1.74704080781e-005
-1.36341148164e-005
-1.04465968974e-005
-7.85862778261e-006
-5.80414320857e-006
-4.20879452094e-006
-2.99641056575e-006
-2.09444475046e-006
-1.43734323656e-006
-9.6844745751e-007
-6.40642327558e-007
-4.16082248545e-007
-2.65318014469e-007
-1.66103308052e-007
-1.02097196622e-007
-6.16131404391e-008
-3.65053793586e-008
-2.12355923009e-008
-1.21281869861e-008
-6.80066499489e-009
