-0.995277468043
-0.988235454003
-0.988235454003
-0.981243265226
-0.960562019354
-0.953765631971
-0.976609312549
-0.969699383698
-0.960562019354
-0.953765631971
-0.927057451466
-0.942545012324
-0.976609312549
-0.969699383698
-0.958291310696
-0.942545012324
-0.916151097815
-0.909668936709
-0.85740376087
-0.851337262315
-0.888391701628
-0.882105950129
-0.884195590483
-0.827497370721
-0.857404446793
-0.898967094661
-0.871728374105
-0.841321665934
-0.940316750081
-0.933663606642
-0.922679478197
-0.907518340656
-0.916151097815
-0.909668936709
-0.884195590483
-0.898967094661
-0.85740376087
-0.851337262315
-0.827497370721
-0.841321665934
-0.888391701628
-0.882105950129
-0.871728374105
-0.857404446793
-0.843315418039
-0.789238601309
-0.817762944374
-0.789238601309
-0.738629410148
-0.765324656248
-0.817762944374
-0.792984711161
-0.765324656248
-0.865559856966
-0.839333376366
-0.81005663628
-0.940316750081
-0.933663606642
-0.922679478197
-0.907518340656
-0.888391045586
-0.865559856966
-0.839333376366
-0.81005663628
-0.7873733266
-0.781802323339
-0.709500667612
-0.70448064674
-0.749193358844
-0.743892495194
-0.759909610002
-0.684753162708
-0.723061366066
-0.772604773945
-0.735140937718
-0.696192751768
-0.627335470087
-0.622896803152
-0.54428363707
-0.540432597398
-0.585721901551
-0.581577668423
-0.605453901356
-0.525298930511
-0.565291821224
-0.61556870506
-0.574735671192
-0.534074653247
-0.66873536898
-0.664003780043
-0.65619207703
-0.64540976468
-0.724775714026
-0.653094073164
-0.689631123198
-0.67830014555
-0.61121502323
-0.645409168917
-0.702814995712
-0.668735286673
-0.63330530997
-0.577461158393
-0.501012097264
-0.539155944297
-0.540431998764
-0.468885162568
-0.504583070891
-0.559964073996
-0.522819508637
-0.485831420915
-0.615569689972
-0.596917916322
-0.576096856204
-0.743893387866
-0.707821775324
-0.670320974171
-0.631806796611
-0.59269306237
-0.553377457646
-0.514227476422
-0.823588626341
-0.817761384335
-0.808140792914
-0.79486171388
-0.778108824313
-0.758111831522
-0.735141028195
-0.70949861552
-0.7873733266
-0.781802323339
-0.759909610002
-0.772604773945
-0.709500667612
-0.70448064674
-0.684753162708
-0.696192751768
-0.749193358844
-0.743892495194
-0.735140937718
-0.723061366066
-0.724775714026
-0.67830014555
-0.702814995712
-0.653094073164
-0.61121502323
-0.63330530997
-0.689631123198
-0.668735286673
-0.645409168917
-0.743893387866
-0.707821775324
-0.670320974171
-0.627335470087
-0.622896803152
-0.605453901356
-0.61556870506
-0.54428363707
-0.540432597398
-0.525298930511
-0.534074653247
-0.585721901551
-0.581577668423
-0.574735671192
-0.565291821224
-0.577461158393
-0.540431998764
-0.559964073996
-0.501012097264
-0.468885162568
-0.485831420915
-0.539155944297
-0.522819508637
-0.504583070891
-0.59269306237
-0.553377457646
-0.514227476422
-0.66873536898
-0.664003780043
-0.65619207703
-0.64540976468
-0.631806796611
-0.615569689972
-0.596917916322
-0.576096856204
-0.622898413103
-0.561292623233
-0.592693883023
-0.561292623233
-0.505779758414
-0.534075376302
-0.592693883023
-0.563953979627
-0.534075376302
-0.496290965923
-0.430587882971
-0.463370082107
-0.447206883642
-0.388001955505
-0.417541935318
-0.472225668768
-0.44090112844
-0.40970854793
-0.529042813683
-0.503389369649
-0.476719513886
-0.496290965923
-0.447206883642
-0.472225668768
-0.430587882971
-0.388001955505
-0.40970854793
-0.463370082107
-0.44090112844
-0.417541935318
-0.395417162213
-0.343068583671
-0.369187624806
-0.343068583671
-0.297650340828
-0.320311528316
-0.369187624806
-0.344697993245
-0.320311528316
-0.421512021052
-0.393551511543
-0.365708790315
-0.529042813683
-0.503389369649
-0.476719513886
-0.449328964117
-0.421512021052
-0.393551511543
-0.365708790315
-0.651548675916
-0.619954886035
-0.587109322765
-0.553376180621
-0.519117908978
-0.484682826453
-0.45039280742
-0.823588626341
-0.817761384335
-0.808140792914
-0.79486171388
-0.778108824313
-0.758111831522
-0.735141028195
-0.70949861552
-0.68151670988
-0.651548675916
-0.619954886035
-0.587109322765
-0.553376180621
-0.519117908978
-0.484682826453
-0.45039280742
-0.463369568836
-0.460091030826
-0.387085171872
-0.384346378618
-0.424515598717
-0.421511969174
-0.447207158848
-0.373583574725
-0.409708421866
-0.454678268732
-0.416553072225
-0.379824717968
-0.317292215705
-0.315047237486
-0.25520652165
-0.253400826288
-0.285236454914
-0.283218284921
-0.306225008833
-0.246304874429
-0.275287358473
-0.311340849769
-0.279886350381
-0.250419680611
-0.351286082208
-0.348800582835
-0.344697102335
-0.339033163446
-0.426530844728
-0.356311196169
-0.390765835952
-0.399179951069
-0.333463072154
-0.365708340212
-0.413606951788
-0.378925623478
-0.345514959954
-0.292066907049
-0.234917138674
-0.262559637585
-0.273338388314
-0.219853295676
-0.245723245058
-0.283217274051
-0.25460407543
-0.227799144776
-0.323358199292
-0.313560439527
-0.30262315555
-0.437781604673
-0.401073209192
-0.365709746785
-0.331887536669
-0.299770862576
-0.269485269084
-0.241113633879
-0.201419222438
-0.199994095237
-0.155986444025
-0.154882773176
-0.177672405759
-0.176415297449
-0.194393685433
-0.15054561012
-0.171475161791
-0.197641255504
-0.174339851568
-0.153060647666
-0.11853581668
-0.117697125047
-0.0883862797518
-0.0877609089955
-0.1025994878
-0.101873552514
-0.114401267076
-0.0853033511635
-0.0990208000785
-0.116312471805
-0.100675056419
-0.0867284417449
-0.136299477147
-0.135335100014
-0.133742944004
-0.131545328021
-0.185406027648
-0.143585237812
-0.163547126117
-0.17351703859
-0.134377968
-0.153059818786
-0.179788221383
-0.158591644996
-0.139234602297
-0.109112003505
-0.0813594096384
-0.094442641777
-0.102115297776
-0.0761423131758
-0.0883865952235
-0.105805907664
-0.0915810278835
-0.0788942179347
-0.125463420633
-0.121661876534
-0.117418195491
-0.190296550186
-0.167861068422
-0.147372638096
-0.128772815123
-0.111990090691
-0.0969337898482
-0.0835054565149
-0.22726152289
-0.225653550354
-0.222998838781
-0.219334602016
-0.21471179996
-0.209193818179
-0.202855241395
-0.19577945918
-0.366576005762
-0.306226704854
-0.335838266099
-0.330320969776
-0.275940324868
-0.302623248664
-0.348800625764
-0.319553368278
-0.291377680481
-0.251012843559
-0.201896269507
-0.225653230968
-0.226187215223
-0.181928359984
-0.203335714599
-0.23884115581
-0.214711238407
-0.192106259102
-0.277905709732
-0.26442997887
-0.25042032785
-0.292067464223
-0.243984482776
-0.267577335197
-0.253401169354
-0.211683808753
-0.232153245182
-0.272693508789
-0.249827903979
-0.227800055975
-0.199993135267
-0.160859768627
-0.179788000105
-0.173516397912
-0.139563828448
-0.155986184848
-0.18672682332
-0.167861972292
-0.150189323027
-0.221419881986
-0.206732251725
-0.192106495541
-0.31134194186
-0.285235629923
-0.260085808782
-0.236032096924
-0.213191329812
-0.19165279236
-0.171475425599
-0.159344633335
-0.123402336816
-0.140558304251
-0.143585158288
-0.111197620491
-0.126656831436
-0.151617964476
-0.1337425901
-0.11741852065
-0.0937747947656
-0.0699232137253
-0.0811674157311
-0.0845002964205
-0.0630076802752
-0.0731398101815
-0.0892276269615
-0.0772315835016
-0.0665326162092
-0.107827792933
-0.102599191051
-0.097163427422
-0.126956980992
-0.0983201492365
-0.11198907417
-0.110149370888
-0.0853037186249
-0.0971630387691
-0.118535437366
-0.104560409228
-0.0917981965274
-0.0747145641961
-0.0557109450758
-0.064669702647
-0.0648232352255
-0.0483354716197
-0.0561081951257
-0.0697584605067
-0.0603799131618
-0.052015424351
-0.085911215027
-0.0802123945315
-0.0745375812618
-0.135335283237
-0.119379595779
-0.104808614231
-0.0915807742749
-0.0796452202024
-0.0689374657159
-0.0593874907254
-0.179788719259
-0.171070710568
-0.162007286802
-0.152698944008
-0.143245696675
-0.133743660045
-0.124281652319
-0.383436698749
-0.351285174269
-0.320311626873
-0.290688005293
-0.262558199569
-0.236032169548
-0.211182504727
-0.18805811592
-0.166673702613
-0.147023294806
-0.129078237263
-0.112787340977
-0.0980879740236
-0.0849007175723
-0.0731393375873
-0.503390980497
-0.499829273871
-0.493949009388
-0.485832616809
-0.475592973818
-0.463370481318
-0.449330346669
-0.43365728023
-0.416554277025
-0.398237319361
-0.378926672811
-0.358850921677
-0.338232667665
-0.317293445825
-0.29624615425
-0.27528752788
-0.463369568836
-0.460091030826
-0.447207158848
-0.454678268732
-0.387085171872
-0.384346378618
-0.373583574725
-0.379824717968
-0.424515598717
-0.421511969174
-0.416553072225
-0.409708421866
-0.426530844728
-0.399179951069
-0.413606951788
-0.356311196169
-0.333463072154
-0.345514959954
-0.390765835952
-0.378925623478
-0.365708340212
-0.437781604673
-0.401073209192
-0.365709746785
-0.317292215705
-0.315047237486
-0.306225008833
-0.311340849769
-0.25520652165
-0.253400826288
-0.246304874429
-0.250419680611
-0.285236454914
-0.283218284921
-0.279886350381
-0.275287358473
-0.292066907049
-0.273338388314
-0.283217274051
-0.234917138674
-0.219853295676
-0.227799144776
-0.262559637585
-0.25460407543
-0.245723245058
-0.299770862576
-0.269485269084
-0.241113633879
-0.351286082208
-0.348800582835
-0.344697102335
-0.339033163446
-0.331887536669
-0.323358199292
-0.313560439527
-0.30262315555
-0.366576005762
-0.330320969776
-0.348800625764
-0.306226704854
-0.275940324868
-0.291377680481
-0.335838266099
-0.319553368278
-0.302623248664
-0.292067464223
-0.253401169354
-0.272693508789
-0.243984482776
-0.211683808753
-0.227800055975
-0.267577335197
-0.249827903979
-0.232153245182
-0.31134194186
-0.285235629923
-0.260085808782
-0.251012843559
-0.226187215223
-0.23884115581
-0.201896269507
-0.181928359984
-0.192106259102
-0.225653230968
-0.214711238407
-0.203335714599
-0.199993135267
-0.173516397912
-0.18672682332
-0.160859768627
-0.139563828448
-0.150189323027
-0.179788000105
-0.167861972292
-0.155986184848
-0.213191329812
-0.19165279236
-0.171475425599
-0.277905709732
-0.26442997887
-0.25042032785
-0.236032096924
-0.221419881986
-0.206732251725
-0.192106495541
-0.383436698749
-0.351285174269
-0.320311626873
-0.290688005293
-0.262558199569
-0.236032169548
-0.211182504727
-0.201419222438
-0.199994095237
-0.194393685433
-0.197641255504
-0.155986444025
-0.154882773176
-0.15054561012
-0.153060647666
-0.177672405759
-0.176415297449
-0.174339851568
-0.171475161791
-0.185406027648
-0.17351703859
-0.179788221383
-0.143585237812
-0.134377968
-0.139234602297
-0.163547126117
-0.158591644996
-0.153059818786
-0.190296550186
-0.167861068422
-0.147372638096
-0.11853581668
-0.117697125047
-0.114401267076
-0.116312471805
-0.0883862797518
-0.0877609089955
-0.0853033511635
-0.0867284417449
-0.1025994878
-0.101873552514
-0.100675056419
-0.0990208000785
-0.109112003505
-0.102115297776
-0.105805907664
-0.0813594096384
-0.0761423131758
-0.0788942179347
-0.094442641777
-0.0915810278835
-0.0883865952235
-0.111990090691
-0.0969337898482
-0.0835054565149
-0.136299477147
-0.135335100014
-0.133742944004
-0.131545328021
-0.128772815123
-0.125463420633
-0.121661876534
-0.117418195491
-0.159344633335
-0.143585158288
-0.151617964476
-0.123402336816
-0.111197620491
-0.11741852065
-0.140558304251
-0.1337425901
-0.126656831436
-0.126956980992
-0.110149370888
-0.118535437366
-0.0983201492365
-0.0853037186249
-0.0917981965274
-0.11198907417
-0.104560409228
-0.0971630387691
-0.135335283237
-0.119379595779
-0.104808614231
-0.0937747947656
-0.0845002964205
-0.0892276269615
-0.0699232137253
-0.0630076802752
-0.0665326162092
-0.0811674157311
-0.0772315835016
-0.0731398101815
-0.0747145641961
-0.0648232352255
-0.0697584605067
-0.0557109450758
-0.0483354716197
-0.052015424351
-0.064669702647
-0.0603799131618
-0.0561081951257
-0.0796452202024
-0.0689374657159
-0.0593874907254
-0.107827792933
-0.102599191051
-0.097163427422
-0.0915807742749
-0.085911215027
-0.0802123945315
-0.0745375812618
-0.166673702613
-0.147023294806
-0.129078237263
-0.112787340977
-0.0980879740236
-0.0849007175723
-0.0731393375873
-0.22726152289
-0.225653550354
-0.222998838781
-0.219334602016
-0.21471179996
-0.209193818179
-0.202855241395
-0.19577945918
-0.18805811592
-0.179788719259
-0.171070710568
-0.162007286802
-0.152698944008
-0.143245696675
-0.133743660045
-0.124281652319
-0.21573014985
-0.180214558203
-0.197640975766
-0.180214558203
-0.15054588805
-0.165103399572
-0.197640975766
-0.181068595784
-0.165103399572
-0.147721175157
-0.118816048487
-0.132797031354
-0.123401881177
-0.0992553970803
-0.110934694816
-0.135334616972
-0.121661876534
-0.108853212108
-0.163547639405
-0.149834017445
-0.136622839232
-0.147721175157
-0.123401881177
-0.135334616972
-0.118816048487
-0.0992553970803
-0.108853212108
-0.132797031354
-0.121661876534
-0.110934694816
-0.101152043907
-0.0813592644432
-0.090932739548
-0.0813592644432
-0.0654394083902
-0.0731396076409
-0.090932739548
-0.0817458827555
-0.0731396076409
-0.111989212003
-0.100675037833
-0.0900758853919
-0.163547639405
-0.149834017445
-0.136622839232
-0.12398744623
-0.111989212003
-0.100675037833
-0.0900758853919
-0.0937743908137
-0.0726223325988
-0.0827186274121
-0.0783363402056
-0.0606665391651
-0.0691006839081
-0.085911320764
-0.0757825934256
-0.0665328823402
-0.0551865103253
-0.041149843792
-0.047767061901
-0.0461011712268
-0.0343753570108
-0.0399031844326
-0.0505590700111
-0.0437617492507
-0.0376993910462
-0.0634567062816
-0.0581358023303
-0.0530098472351
-0.0642119945693
-0.0497281271142
-0.0566415628838
-0.0516474056757
-0.0399976479751
-0.0455583072288
-0.0577247117556
-0.0509191142993
-0.0447041370241
-0.0377889514456
-0.0281773469619
-0.0327084856831
-0.0303946531869
-0.0226637854682
-0.0263083001929
-0.0339711660474
-0.0294039753895
-0.0253306137323
-0.0434519664034
-0.0390620514544
-0.0349495659074
-0.0710915014189
-0.062709993283
-0.0550558699043
-0.0481072975842
-0.0418375618658
-0.0362127881551
-0.0311961949626
-0.105805744886
-0.0969338345867
-0.0883869759664
-0.0802126166584
-0.0724504617634
-0.0651308536654
-0.058273822752
-0.0937743908137
-0.0783363402056
-0.085911320764
-0.0726223325988
-0.0606665391651
-0.0665328823402
-0.0827186274121
-0.0757825934256
-0.0691006839081
-0.0642119945693
-0.0516474056757
-0.0577247117556
-0.0497281271142
-0.0399976479751
-0.0447041370241
-0.0566415628838
-0.0509191142993
-0.0455583072288
-0.0710915014189
-0.062709993283
-0.0550558699043
-0.0551865103253
-0.0461011712268
-0.0505590700111
-0.041149843792
-0.0343753570108
-0.0376993910462
-0.047767061901
-0.0437617492507
-0.0399031844326
-0.0377889514456
-0.0303946531869
-0.0339711660474
-0.0281773469619
-0.0226637854682
-0.0253306137323
-0.0327084856831
-0.0294039753895
-0.0263083001929
-0.0418375618658
-0.0362127881551
-0.0311961949626
-0.0634567062816
-0.0581358023303
-0.0530098472351
-0.0481072975842
-0.0434519664034
-0.0390620514544
-0.0349495659074
-0.0407622039784
-0.031567747965
-0.0359564432691
-0.031567747965
-0.024447223514
-0.0278459903551
-0.0359564432691
-0.0317172695875
-0.0278459903551
-0.0239886793314
-0.0178871684665
-0.0207635656575
-0.0185777143834
-0.0138524802598
-0.0160800678952
-0.0211604747363
-0.0183155938041
-0.0157783165638
-0.027583599134
-0.0243315625903
-0.0213617523207
-0.0239886793314
-0.0185777143834
-0.0211604747363
-0.0178871684665
-0.0138524802598
-0.0157783165638
-0.0207635656575
-0.0183155938041
-0.0160800678952
-0.0141174097547
-0.0105266523056
-0.012219420682
-0.0105266523056
-0.00784920255828
-0.00911141598423
-0.012219420682
-0.0105766032436
-0.00911141598423
-0.0162330308436
-0.0140506110022
-0.012104166028
-0.027583599134
-0.0243315625903
-0.0213617523207
-0.0186656968203
-0.0162330308436
-0.0140506110022
-0.012104166028
-0.0459920381003
-0.040569693181
-0.0356179236019
-0.0311226042387
-0.0270664524022
-0.0234275532139
-0.0201821112041
-0.105805744886
-0.0969338345867
-0.0883869759664
-0.0802126166584
-0.0724504617634
-0.0651308536654
-0.058273822752
-0.0518928655021
-0.0459920381003
-0.040569693181
-0.0356179236019
-0.0311226042387
-0.0270664524022
-0.0234275532139
-0.0201821112041
-0.234362847626
-0.214711304471
-0.195779760379
-0.177673313257
-0.160479911076
-0.144266763112
-0.129078237263
-0.11494422863
-0.10187372178
-0.0898630677515
-0.0788947519896
-0.0689374869273
-0.0599529908979
-0.051892721799
-0.0447039719629
-0.503390980497
-0.499829273871
-0.493949009388
-0.485832616809
-0.475592973818
-0.463370481318
-0.449330346669
-0.43365728023
-0.416554277025
-0.398237319361
-0.378926672811
-0.358850921677
-0.338232667665
-0.317293445825
-0.29624615425
-0.27528752788
-0.254604858827
-0.234362847626
-0.214711304471
-0.195779760379
-0.177673313257
-0.160479911076
-0.144266763112
-0.129078237263
-0.11494422863
-0.10187372178
-0.0898630677515
-0.0788947519896
-0.0689374869273
-0.0599529908979
-0.051892721799
-0.0447039719629
-0.0646697106064
-0.0642121447269
-0.0464294753727
-0.0461009669638
-0.0549253596006
-0.0545367391748
-0.0624140200152
-0.0448100073131
-0.0530095536428
-0.0634567179967
-0.0538951391983
-0.0455586100174
-0.0327087111209
-0.0324772829912
-0.0226102069112
-0.0224502300207
-0.0272591275179
-0.0270662575245
-0.0315678256703
-0.0218215590184
-0.0263083244775
-0.0320952025016
-0.0267478352929
-0.022186113257
-0.0390619601094
-0.038785580024
-0.0383292852838
-0.037699472245
-0.0595283509069
-0.0427382475736
-0.050558693542
-0.0557111507782
-0.039997697203
-0.0473166643482
-0.0577246407098
-0.0490267641385
-0.041443277836
-0.0301083090532
-0.0208126543086
-0.0250919772655
-0.0281776417419
-0.0194780622109
-0.0234829775639
-0.0291960266998
-0.0243316898635
-0.0201820304758
-0.0359564631834
-0.0348669816455
-0.0336507884284
-0.0610985519703
-0.0518922986755
-0.0438655699463
-0.0369048999512
-0.0309024869226
-0.0257538375184
-0.0213616372962
-0.0153365443902
-0.015228031775
-0.0102076857405
-0.0101354619953
-0.0125417510845
-0.0124530128281
-0.014801603093
-0.00985163991215
-0.0121042926569
-0.0150488808948
-0.0123065087858
-0.0100162228864
-0.00666659177565
-0.0066194227857
-0.00427219251652
-0.00424196492607
-0.00534940286425
-0.00531155354958
-0.00643405991177
-0.00412317770923
-0.00516281477539
-0.00654154828187
-0.00524906553353
-0.00419206013458
-0.00826876159519
-0.00821025656808
-0.00811366662704
-0.00798034577337
-0.0141172611969
-0.00939615614499
-0.0115446590459
-0.0132120049545
-0.00879363637248
-0.0108043685234
-0.0136895079065
-0.0111948556509
-0.00911145242997
-0.00613658559553
-0.00393254543558
-0.00492411560002
-0.00574308275246
-0.00368037461757
-0.00460836126758
-0.00595064693193
-0.00477491480101
-0.00381338923194
-0.00761137999828
-0.00738075503542
-0.00712330733599
-0.0144896373539
-0.0118491767359
-0.00964400198895
-0.00781214814967
-0.00629845255607
-0.00505400079646
-0.00403627562347
-0.0186658024972
-0.018533733956
-0.0183156929904
-0.0180147361065
-0.0176350488234
-0.0171818372247
-0.0166612272207
-0.0160800678952
-0.0511608137483
-0.0367307928194
-0.0434519664034
-0.0461009158981
-0.0330980503744
-0.0391544876245
-0.0486800106104
-0.0413449675755
-0.0349497057059
-0.025876167713
-0.0178871464515
-0.0215649510846
-0.0233169675011
-0.0161180750227
-0.0194321380655
-0.0246214246127
-0.0205192601662
-0.0170197933781
-0.0309022824914
-0.0294038215844
-0.0278459903551
-0.0407621036407
-0.0292650619491
-0.0346201209121
-0.0353656808551
-0.0253907121727
-0.0300368243537
-0.0380581969203
-0.0323236354701
-0.0273237981131
-0.0206166976806
-0.0142514878884
-0.0171817589815
-0.0178872895492
-0.0123647586202
-0.0149070963075
-0.0192491130264
-0.0160420269895
-0.0133061320202
-0.0246212276421
-0.022988007152
-0.0213616668738
-0.0434521268418
-0.0369048147861
-0.0311963581432
-0.0262460621742
-0.0219772603144
-0.0183156388887
-0.0151919897184
-0.0121328839071
-0.00807539579309
-0.00992189674728
-0.0109329195457
-0.00727672441124
-0.00894060305111
-0.0115445567429
-0.00944078101082
-0.00768381743936
-0.00527400319209
-0.00337977151258
-0.00423196270768
-0.00475239465113
-0.00304550594177
-0.00381341387239
-0.00501826520223
-0.00402675357211
-0.00321588538257
-0.00654149474203
-0.00622429570837
-0.00589452897356
-0.00966681010418
-0.00643402823648
-0.00790521795675
-0.00838703821679
-0.00558223862119
-0.00685866013719
-0.00902557350276
-0.0073808345209
-0.00600723445907
-0.004202033724
-0.00269281480462
-0.00337179356338
-0.00364573391342
-0.0023363178167
-0.00292540777883
-0.00392329670577
-0.00314812956026
-0.00251419006751
-0.00521190081048
-0.004866175434
-0.00452190648296
-0.0103047542027
-0.00842690888568
-0.00685863059227
-0.00555585102036
-0.00447933953503
-0.00359430913802
-0.00287052237252
-0.0147666911768
-0.0140506499116
-0.0133062384696
-0.012541710951
-0.0117652819039
-0.0109848456171
-0.0102076970475
-0.0535139595081
-0.045450543107
-0.0384202286013
-0.0323236354701
-0.0270663441366
-0.0225568327513
-0.018709867197
-0.01544588633
-0.0126909368822
-0.0103782551894
-0.00844682427472
-0.00684237132095
-0.00551658139481
-0.00442661217417
-0.00353522437623
-0.00268646205349
-0.00266745418473
-0.00165762925147
-0.0016459008151
-0.00211526782896
-0.00210030140379
-0.00259275779657
-0.00159981085904
-0.0020414869245
-0.00263607279728
-0.00207559231132
-0.00162653753925
-0.00100362365582
-0.000996522588933
-0.000596253817294
-0.000592035066355
-0.00077539903571
-0.000769912755681
-0.000968617090674
-0.000575456381941
-0.000748352984431
-0.000984798953099
-0.000760855081653
-0.000585070042585
-0.00129286597168
-0.00128371839162
-0.00126861602756
-0.00124777058498
-0.00247288343057
-0.00152584470891
-0.00194710018653
-0.00231431208086
-0.00142800133629
-0.00182224419826
-0.00239795501425
-0.00188810301279
-0.00147961158438
-0.000923833748476
-0.000548850553569
-0.000713753401056
-0.000864593768704
-0.000513656022362
-0.000667984628146
-0.000895841567823
-0.00069212665904
-0.000532220371058
-0.00119008077377
-0.00115402130304
-0.00111376795117
-0.0025381115804
-0.00199845955962
-0.00156609247233
-0.00122147196919
-0.000948202048826
-0.000732580335319
-0.000563327785169
-0.00034758457968
-0.000345125270022
-0.000198826427302
-0.000197419645236
-0.000263511241722
-0.000261646786911
-0.00033546076996
-0.000191891327436
-0.000254319924441
-0.000341065027908
-0.000258568631251
-0.000195097092739
-0.000111600081656
-0.000110810463316
-6.14655414736e-005
-6.1030646462e-005
-8.30179114554e-005
-8.24305242023e-005
-0.000107707451678
-5.9321612851e-005
-8.01222324735e-005
-0.000109506828524
-8.14607665088e-005
-6.03126486144e-005
-0.000149311457693
-0.000148255015228
-0.000146510862282
-0.000144103448455
-0.000319950972952
-0.000183019364445
-0.000242561618384
-0.00029943441443
-0.000171283417944
-0.000227007580236
-0.000310256452212
-0.000235211996602
-0.000177473874121
-0.00010272767204
-5.65789190521e-005
-7.64178363926e-005
-9.61403556272e-005
-5.29508484976e-005
-7.15176137177e-005
-9.9615021567e-005
-7.41023744549e-005
-5.48645766979e-005
-0.000137440925042
-0.000133276462325
-0.000128627653571
-0.000328390436675
-0.000248959754824
-0.000187846933095
-0.000141066254543
-0.000105437357381
-7.8433537586e-005
-5.80713218737e-005
-0.000456324518374
-0.000453095827111
-0.000447765360412
-0.000440407840953
-0.000431125592487
-0.0004200458886
-0.000407318489958
-0.00039311083672
-0.00212528529155
-0.00131136602597
-0.0016734081908
-0.00191509069749
-0.0011816695327
-0.00150790506669
-0.00202222957304
-0.00159226412786
-0.00124777749573
-0.000793976073923
-0.000471701979292
-0.00061342543943
-0.000715450391173
-0.000425049792665
-0.000552756543945
-0.000755475936977
-0.000583680256672
-0.000448829009442
-0.001022798379
-0.000973202580146
-0.000921641752672
-0.0016933096441
-0.00104482383967
-0.00133327899048
-0.00146913537609
-0.000906501460019
-0.00115676854374
-0.00158098591894
-0.00124483747985
-0.000975516665868
-0.000632596173561
-0.000375826019149
-0.000488743425015
-0.000548847885318
-0.000326071077377
-0.000424039547651
-0.000590633642381
-0.000456323198544
-0.000350896037423
-0.00081490911645
-0.000760853068315
-0.000707024740242
-0.00180505663021
-0.00142126638803
-0.00111377514784
-0.000868687607604
-0.000674343243311
-0.000520997186113
-0.000400627995023
-0.000274977416414
-0.00015729344882
-0.000208466211336
-0.000247781648086
-0.000141736839664
-0.000187848522576
-0.00026164367937
-0.00019835762249
-0.00014966624251
-8.82878698291e-005
-4.86259655375e-005
-6.56762472867e-005
-7.95560383741e-005
-4.38167688015e-005
-5.91807465682e-005
-8.40067646539e-005
-6.24915864415e-005
-4.62680779464e-005
-0.000118121692611
-0.000112393936459
-0.000106439241635
-0.000219086780008
-0.000125322710744
-0.000166094334501
-0.000190082268807
-0.000108731458786
-0.000144105399407
-0.000204553913353
-0.000155076660064
-0.000117009574533
-7.03428862155e-005
-3.87424769399e-005
-5.23271973703e-005
-6.10303159585e-005
-3.36134289601e-005
-4.53996922865e-005
-6.56767726987e-005
-4.88561336127e-005
-3.6172539807e-005
-9.41128243215e-005
-8.78699596155e-005
-8.16533940118e-005
-0.000233545025993
-0.000177055437425
-0.000133593162203
-0.000100323634322
-7.49850410371e-005
-5.57804385527e-005
-4.12992184358e-005
-0.000361002600358
-0.000343497476453
-0.000325298784338
-0.000306608312724
-0.000287626883394
-0.000268547488724
-0.000249548469165
-0.00222303796016
-0.00175037673567
-0.00137168241223
-0.00106984207304
-0.00083049506756
-0.000641639992054
-0.000493397949922
-0.000377606944114
-0.000287625024888
-0.000218054631561
-0.0001645281737
-0.000123554709402
-9.23486775315e-005
-6.86970315843e-005
-5.08625207492e-005
-0.00339583779122
-0.00337181078552
-0.00333214296244
-0.00327739038697
-0.00320831452351
-0.00312586250601
-0.00303114881092
-0.00292541948048
-0.00281004390389
-0.00268647908158
-0.0025562109086
-0.00242078139748
-0.00228169220265
-0.00214043778292
-0.00199845433288
-0.00185706901166
-0.0301081626809
-0.0216160886542
-0.0255715024338
-0.0251514646405
-0.0180574382839
-0.0213616734466
-0.027583565185
-0.0234273081269
-0.0198035594784
-0.0152281367316
-0.0105265940043
-0.0126909837411
-0.0127211330232
-0.00879360390371
-0.0106016707894
-0.013951243277
-0.0116268329288
-0.00964392928826
-0.0181860076159
-0.0166610939314
-0.0151920504865
-0.0206165581219
-0.0148016122017
-0.017510080963
-0.0165824430171
-0.0119053282048
-0.0140838212701
-0.018533684913
-0.0157410524807
-0.0133062179985
-0.0104274634538
-0.00720808305095
-0.00869014847222
-0.0083870846682
-0.00579765185576
-0.00698971627555
-0.0093739857522
-0.0078121902152
-0.00647985659405
-0.0124528649254
-0.0111947626479
-0.0100161686449
-0.0228253627816
-0.0193860657028
-0.0163874186107
-0.0137870326324
-0.0115446348909
-0.00962118848025
-0.0079803384069
-0.00714020782115
-0.00475237417933
-0.0058390408495
-0.00596471749017
-0.00396999220433
-0.00487776125754
-0.00654149474203
-0.00534943183339
-0.00435388317608
-0.00310375333098
-0.00198899710676
-0.00249051202135
-0.00259278332539
-0.00166154909321
-0.00208049975369
-0.00284350072207
-0.00228168026768
-0.00182221784599
-0.00384967269751
-0.00352687405466
-0.00321590220417
-0.00488925581768
-0.00325418722901
-0.00399828200497
-0.00393255777774
-0.00261742886339
-0.00321592397342
-0.00439529849008
-0.00359433899855
-0.00292541948048
-0.00212529444664
-0.0013619653544
-0.00170537758765
-0.00170943053867
-0.00109546475929
-0.00137168030195
-0.00191057776902
-0.00153308475063
-0.00122436716117
-0.00263606257744
-0.00236974343303
-0.00212025485638
-0.00541307802743
-0.00442664758721
-0.00360283242345
-0.00291848349707
-0.00235299299115
-0.00188808732708
-0.00150788279626
-0.00869020462414
-0.00796152286879
-0.00725953877157
-0.00658814937647
-0.00595061580554
-0.00534943018742
-0.00478623768955
-0.0130875291
-0.00939616250546
-0.0111155166053
-0.0101354632427
-0.00727673336722
-0.00860826433433
-0.0115445425342
-0.00980502532286
-0.00828837872098
-0.0066194236004
-0.00457573937061
-0.00551656442076
-0.00512632476894
-0.00354362063645
-0.00427223011198
-0.0058390103069
-0.004866175434
-0.00403627127671
-0.00790516201235
-0.00697316341336
-0.00612204782059
-0.0077020501391
-0.00552966982378
-0.00654151486972
-0.00574303680798
-0.00412320054536
-0.00487768321398
-0.00666656223759
-0.00566205298843
-0.00478624358032
-0.00389555064769
-0.00269283634722
-0.00324651471179
-0.00290471891937
-0.00200791451376
-0.00242076501071
-0.00337182053784
-0.00281004303926
-0.0023308029395
-0.00465221156045
-0.00402675357211
-0.00346892343566
-0.00885627176936
-0.0075218198302
-0.00635834068459
-0.00534938739215
-0.004479334022
-0.00373303420149
-0.00309638214381
-0.00310373232103
-0.00206577983603
-0.00253813618068
-0.00240364431014
-0.00159981578154
-0.00196562588458
-0.00273781013369
-0.00223889634717
-0.00182222962037
-0.00134915114114
-0.000864584723769
-0.00108258510819
-0.0010448321983
-0.000669566166462
-0.000838393671359
-0.00119008963533
-0.00095495106318
-0.000762652372477
-0.00167339016958
-0.00147610170273
-0.00129593481129
-0.0018265557824
-0.00121571763103
-0.00149370075696
-0.00136197205948
-0.000906500344324
-0.00111377857485
-0.00158098786477
-0.00129288291828
-0.00105227272015
-0.000793979494133
-0.000508810703768
-0.000637104584022
-0.000592031131612
-0.000379394907493
-0.000475057291305
-0.000687234387911
-0.000551450235266
-0.000440404588721
-0.000984795135114
-0.00085239617257
-0.00073431289165
-0.00210028162874
-0.00171754527779
-0.00139790387504
-0.00113237556186
-0.000912964477294
-0.000732580448024
-0.000585060573528
-0.00377749074592
-0.00333213414508
-0.00292542758165
-0.0025562109086
-0.00222306463678
-0.00192418881877
-0.00165762904746
-0.0147666730024
-0.0125416492073
-0.0106017001479
-0.00891940270585
-0.00746870268824
-0.00622434550293
-0.00516281159826
-0.00426214682607
-0.00350194447871
-0.00286378175202
-0.002330821586
-0.00188808790802
-0.0015222486674
-0.00122148192893
-0.000975511863334
-0.00125073138234
-0.000771739516073
-0.000984801498428
-0.00104482383967
-0.000644688264638
-0.000822673914982
-0.00114585639049
-0.000902224975136
-0.000707028438535
-0.000467255288706
-0.000277596834157
-0.00036100115635
-0.000390331186812
-0.000231896148317
-0.000301569641275
-0.000428075497355
-0.000330730873006
-0.000254320080945
-0.00060191732165
-0.000551445993356
-0.00050282384855
-0.000856438053437
-0.000528448472818
-0.000674342620838
-0.00068885577965
-0.000425045084449
-0.000542391606684
-0.000769912850439
-0.000606214363431
-0.000475059776227
-0.000319952961576
-0.000190084374344
-0.000247195466587
-0.000257346629933
-0.000152889890124
-0.000198825852236
-0.000287628387908
-0.000222221520321
-0.000170880312812
-0.000412162760574
-0.000370522309891
-0.000331513410268
-0.000948194609115
-0.000746589943324
-0.000585065074013
-0.000456320811629
-0.000354231893503
-0.000273679348874
-0.000210449522072
-0.000161824337426
-9.25672677725e-005
-0.000122682462309
-0.000135183243955
-7.73279454785e-005
-0.000102485284322
-0.000148255215943
-0.000112395423528
-8.48054161146e-005
-5.19574524487e-005
-2.86164033301e-005
-3.8650502068e-005
-4.34037122067e-005
-2.39052931965e-005
-3.22874811858e-005
-4.76007716464e-005
-3.54096214546e-005
-2.62168912458e-005
-6.95146710289e-005
-6.36858010886e-005
-5.8070491013e-005
-0.000110809181332
-6.33854173183e-005
-8.40067905019e-005
-8.91267555106e-005
-5.09825677293e-005
-6.75688836278e-005
-9.961422465e-005
-7.55196564095e-005
-5.69816428964e-005
-3.55778547375e-005
-1.95950762173e-005
-2.64659232372e-005
-2.86162096198e-005
-1.57608381024e-005
-2.12872420983e-005
-3.19834545459e-005
-2.37920936806e-005
-1.76154024503e-005
-4.76001565018e-005
-4.279115346e-005
-3.82860649255e-005
-0.000122680990128
-9.30070605379e-005
-7.01763668214e-005
-5.26999140299e-005
-3.9389573981e-005
-2.9301413731e-005
-2.16944419505e-005
-0.000212450198178
-0.000194636051098
-0.000177474584018
-0.000161061068317
-0.000145475228933
-0.000130777991154
-0.000117009574533
-0.000543672609194
-0.000335462627903
-0.00042807720966
-0.000421040037767
-0.000259794580659
-0.000331518714525
-0.000479574984213
-0.000377607989796
-0.000295912432887
-0.000203108281727
-0.000120666833231
-0.00015692133688
-0.000157294513579
-9.34488277717e-005
-0.000121525647033
-0.000179162329232
-0.000138420708316
-0.000106440518914
-0.00026164367937
-0.000230796551604
-0.00020262647553
-0.000319952961576
-0.000197420762938
-0.000251924722154
-0.000238573055481
-0.000147206871902
-0.000187847771183
-0.000276937476766
-0.000218055168312
-0.000170878893197
-0.000119529833139
-7.10127933675e-005
-9.23486775315e-005
-8.91274685275e-005
-5.29507181571e-005
-6.88598288317e-005
-0.000103459865553
-7.99330301939e-005
-6.14656095585e-005
-0.000153978090263
-0.00013327679039
-0.000114813825415
-0.000367900796535
-0.000289677912312
-0.000227006043575
-0.00017705309486
-0.000137442455932
-0.000106187959178
-8.16547004766e-005
-7.034241005e-005
-4.02374872065e-005
-5.33280729399e-005
-5.44757460339e-005
-3.11613880239e-005
-4.12992184358e-005
-6.2049217891e-005
-4.70408280752e-005
-3.54935892769e-005
-2.25850603404e-005
-1.24390855493e-005
-1.680074523e-005
-1.74907002815e-005
-9.63328473959e-006
-1.30111142009e-005
-1.99223388727e-005
-1.4819979878e-005
-1.09725488374e-005
-3.02168979759e-005
-2.66544021617e-005
-2.34010756654e-005
-4.13967193478e-005
-2.3679881937e-005
-3.1383730914e-005
-3.08674805604e-005
-1.76569135641e-005
-2.34012916764e-005
-3.5831213895e-005
-2.71644031923e-005
-2.04962839583e-005
-1.32913757675e-005
-7.32043916414e-006
-9.88728897156e-006
-9.91071972821e-006
-5.45848842983e-006
-7.37246102912e-006
-1.15044413081e-005
-8.55801067243e-006
-6.33625624514e-006
-1.77827351121e-005
-1.53919681434e-005
-1.3259703644e-005
-4.76003908417e-005
-3.60868658463e-005
-2.72285256669e-005
-2.04476382406e-005
-1.52832082185e-005
-1.13689883359e-005
-8.41747295042e-006
-9.23486491168e-005
-8.14609770537e-005
-7.15181858609e-005
-6.24919133214e-005
-5.43474570592e-005
-4.70408136012e-005
-4.05242033841e-005
-0.000613426383162
-0.000482999970929
-0.000378502839834
-0.000295212841697
-0.000229167290283
-0.000177054511291
-0.000136148516266
-0.000104197079013
-7.93674160701e-005
-6.01701214137e-005
-4.53999996085e-005
-3.40937581225e-005
-2.54827476018e-005
-1.8956298711e-005
-1.40350334546e-005
-0.00158099418874
-0.00144842635282
-0.00132071557658
-0.0011985708426
-0.00108258544129
-0.000973212761397
-0.000870752105431
-0.000775405143491
-0.000687232484804
-0.000606209513735
-0.000532218078423
-0.000465047115283
-0.000404438379065
-0.000350064408386
-0.000301569641275
-0.0327086165173
-0.0277801231428
-0.0234830787215
-0.0197567402367
-0.0165433968824
-0.0137871089915
-0.011435780063
-0.00944078101082
-0.00775691037516
-0.0063433611011
-0.00516283860381
-0.00418217044045
-0.00337182572525
-0.00270561852284
-0.0021607875681
-0.00171754527779
-0.00135875754309
-0.00106985919065
-0.000838394961196
-0.000653905157138
-0.000507612311517
-0.000392180968016
-0.000301572981756
-0.00023079960524
-0.000175801169009
-0.000133278594765
-0.000100562339048
-7.55186804692e-005
-5.64450380242e-005
-4.19887611125e-005
-3.10880133255e-005
-0.075783209016
-0.0752470103789
-0.0743617634642
-0.0731398776953
-0.071598346291
-0.0697583059651
-0.0676446279296
-0.0652851194842
-0.0627103406007
-0.0599528064276
-0.057045676939
-0.0540233644557
-0.0509193806461
-0.0477670765984
-0.0445985031468
-0.041443277836
-0.0383295966367
-0.035282254461
-0.0323238045481
-0.0294737472
-0.0267479044258
-0.0241595163901
-0.0217187011419
-0.0194321380655
-0.0173043277312
-0.0153366227248
-0.0135284737114
-0.0118772439554
-0.0103782232564
-0.00902564848474
-0.00781221184898
-0.00672997845088
-0.0646697106064
-0.0642121447269
-0.0624140200152
-0.0634567179967
-0.0464294753727
-0.0461009669638
-0.0448100073131
-0.0455586100174
-0.0549253596006
-0.0545367391748
-0.0538951391983
-0.0530095536428
-0.0595283509069
-0.0557111507782
-0.0577246407098
-0.0427382475736
-0.039997697203
-0.041443277836
-0.050558693542
-0.0490267641385
-0.0473166643482
-0.0610985519703
-0.0518922986755
-0.0438655699463
-0.0327087111209
-0.0324772829912
-0.0315678256703
-0.0320952025016
-0.0226102069112
-0.0224502300207
-0.0218215590184
-0.022186113257
-0.0272591275179
-0.0270662575245
-0.0267478352929
-0.0263083244775
-0.0301083090532
-0.0281776417419
-0.0291960266998
-0.0208126543086
-0.0194780622109
-0.0201820304758
-0.0250919772655
-0.0243316898635
-0.0234829775639
-0.0309024869226
-0.0257538375184
-0.0213616372962
-0.0390619601094
-0.038785580024
-0.0383292852838
-0.037699472245
-0.0369048999512
-0.0359564631834
-0.0348669816455
-0.0336507884284
-0.0511608137483
-0.0461009158981
-0.0486800106104
-0.0367307928194
-0.0330980503744
-0.0349497057059
-0.0434519664034
-0.0413449675755
-0.0391544876245
-0.0407621036407
-0.0353656808551
-0.0380581969203
-0.0292650619491
-0.0253907121727
-0.0273237981131
-0.0346201209121
-0.0323236354701
-0.0300368243537
-0.0434521268418
-0.0369048147861
-0.0311963581432
-0.025876167713
-0.0233169675011
-0.0246214246127
-0.0178871464515
-0.0161180750227
-0.0170197933781
-0.0215649510846
-0.0205192601662
-0.0194321380655
-0.0206166976806
-0.0178872895492
-0.0192491130264
-0.0142514878884
-0.0123647586202
-0.0133061320202
-0.0171817589815
-0.0160420269895
-0.0149070963075
-0.0219772603144
-0.0183156388887
-0.0151919897184
-0.0309022824914
-0.0294038215844
-0.0278459903551
-0.0262460621742
-0.0246212276421
-0.022988007152
-0.0213616668738
-0.0535139595081
-0.045450543107
-0.0384202286013
-0.0323236354701
-0.0270663441366
-0.0225568327513
-0.018709867197
-0.0153365443902
-0.015228031775
-0.014801603093
-0.0150488808948
-0.0102076857405
-0.0101354619953
-0.00985163991215
-0.0100162228864
-0.0125417510845
-0.0124530128281
-0.0123065087858
-0.0121042926569
-0.0141172611969
-0.0132120049545
-0.0136895079065
-0.00939615614499
-0.00879363637248
-0.00911145242997
-0.0115446590459
-0.0111948556509
-0.0108043685234
-0.0144896373539
-0.0118491767359
-0.00964400198895
-0.00666659177565
-0.0066194227857
-0.00643405991177
-0.00654154828187
-0.00427219251652
-0.00424196492607
-0.00412317770923
-0.00419206013458
-0.00534940286425
-0.00531155354958
-0.00524906553353
-0.00516281477539
-0.00613658559553
-0.00574308275246
-0.00595064693193
-0.00393254543558
-0.00368037461757
-0.00381338923194
-0.00492411560002
-0.00477491480101
-0.00460836126758
-0.00629845255607
-0.00505400079646
-0.00403627562347
-0.00826876159519
-0.00821025656808
-0.00811366662704
-0.00798034577337
-0.00781214814967
-0.00761137999828
-0.00738075503542
-0.00712330733599
-0.0121328839071
-0.0109329195457
-0.0115445567429
-0.00807539579309
-0.00727672441124
-0.00768381743936
-0.00992189674728
-0.00944078101082
-0.00894060305111
-0.00966681010418
-0.00838703821679
-0.00902557350276
-0.00643402823648
-0.00558223862119
-0.00600723445907
-0.00790521795675
-0.0073808345209
-0.00685866013719
-0.0103047542027
-0.00842690888568
-0.00685863059227
-0.00527400319209
-0.00475239465113
-0.00501826520223
-0.00337977151258
-0.00304550594177
-0.00321588538257
-0.00423196270768
-0.00402675357211
-0.00381341387239
-0.004202033724
-0.00364573391342
-0.00392329670577
-0.00269281480462
-0.0023363178167
-0.00251419006751
-0.00337179356338
-0.00314812956026
-0.00292540777883
-0.00447933953503
-0.00359430913802
-0.00287052237252
-0.00654149474203
-0.00622429570837
-0.00589452897356
-0.00555585102036
-0.00521190081048
-0.004866175434
-0.00452190648296
-0.0126909368822
-0.0103782551894
-0.00844682427472
-0.00684237132095
-0.00551658139481
-0.00442661217417
-0.00353522437623
-0.0186658024972
-0.018533733956
-0.0183156929904
-0.0180147361065
-0.0176350488234
-0.0171818372247
-0.0166612272207
-0.0160800678952
-0.01544588633
-0.0147666911768
-0.0140506499116
-0.0133062384696
-0.012541710951
-0.0117652819039
-0.0109848456171
-0.0102076970475
-0.0301081626809
-0.0251514646405
-0.027583565185
-0.0216160886542
-0.0180574382839
-0.0198035594784
-0.0255715024338
-0.0234273081269
-0.0213616734466
-0.0206165581219
-0.0165824430171
-0.018533684913
-0.0148016122017
-0.0119053282048
-0.0133062179985
-0.017510080963
-0.0157410524807
-0.0140838212701
-0.0228253627816
-0.0193860657028
-0.0163874186107
-0.0152281367316
-0.0127211330232
-0.013951243277
-0.0105265940043
-0.00879360390371
-0.00964392928826
-0.0126909837411
-0.0116268329288
-0.0106016707894
-0.0104274634538
-0.0083870846682
-0.0093739857522
-0.00720808305095
-0.00579765185576
-0.00647985659405
-0.00869014847222
-0.0078121902152
-0.00698971627555
-0.0115446348909
-0.00962118848025
-0.0079803384069
-0.0181860076159
-0.0166610939314
-0.0151920504865
-0.0137870326324
-0.0124528649254
-0.0111947626479
-0.0100161686449
-0.0130875291
-0.0101354632427
-0.0115445425342
-0.00939616250546
-0.00727673336722
-0.00828837872098
-0.0111155166053
-0.00980502532286
-0.00860826433433
-0.0077020501391
-0.00574303680798
-0.00666656223759
-0.00552966982378
-0.00412320054536
-0.00478624358032
-0.00654151486972
-0.00566205298843
-0.00487768321398
-0.00885627176936
-0.0075218198302
-0.00635834068459
-0.0066194236004
-0.00512632476894
-0.0058390103069
-0.00457573937061
-0.00354362063645
-0.00403627127671
-0.00551656442076
-0.004866175434
-0.00427223011198
-0.00389555064769
-0.00290471891937
-0.00337182053784
-0.00269283634722
-0.00200791451376
-0.0023308029395
-0.00324651471179
-0.00281004303926
-0.00242076501071
-0.004479334022
-0.00373303420149
-0.00309638214381
-0.00790516201235
-0.00697316341336
-0.00612204782059
-0.00534938739215
-0.00465221156045
-0.00402675357211
-0.00346892343566
-0.0147666730024
-0.0125416492073
-0.0106017001479
-0.00891940270585
-0.00746870268824
-0.00622434550293
-0.00516281159826
-0.00714020782115
-0.00596471749017
-0.00654149474203
-0.00475237417933
-0.00396999220433
-0.00435388317608
-0.0058390408495
-0.00534943183339
-0.00487776125754
-0.00488925581768
-0.00393255777774
-0.00439529849008
-0.00325418722901
-0.00261742886339
-0.00292541948048
-0.00399828200497
-0.00359433899855
-0.00321592397342
-0.00541307802743
-0.00442664758721
-0.00360283242345
-0.00310375333098
-0.00259278332539
-0.00284350072207
-0.00198899710676
-0.00166154909321
-0.00182221784599
-0.00249051202135
-0.00228168026768
-0.00208049975369
-0.00212529444664
-0.00170943053867
-0.00191057776902
-0.0013619653544
-0.00109546475929
-0.00122436716117
-0.00170537758765
-0.00153308475063
-0.00137168030195
-0.00235299299115
-0.00188808732708
-0.00150788279626
-0.00384967269751
-0.00352687405466
-0.00321590220417
-0.00291848349707
-0.00263606257744
-0.00236974343303
-0.00212025485638
-0.00310373232103
-0.00240364431014
-0.00273781013369
-0.00206577983603
-0.00159981578154
-0.00182222962037
-0.00253813618068
-0.00223889634717
-0.00196562588458
-0.0018265557824
-0.00136197205948
-0.00158098786477
-0.00121571763103
-0.000906500344324
-0.00105227272015
-0.00149370075696
-0.00129288291828
-0.00111377857485
-0.00210028162874
-0.00171754527779
-0.00139790387504
-0.00134915114114
-0.0010448321983
-0.00119008963533
-0.000864584723769
-0.000669566166462
-0.000762652372477
-0.00108258510819
-0.00095495106318
-0.000838393671359
-0.000793979494133
-0.000592031131612
-0.000687234387911
-0.000508810703768
-0.000379394907493
-0.000440404588721
-0.000637104584022
-0.000551450235266
-0.000475057291305
-0.000912964477294
-0.000732580448024
-0.000585060573528
-0.00167339016958
-0.00147610170273
-0.00129593481129
-0.00113237556186
-0.000984795135114
-0.00085239617257
-0.00073431289165
-0.00350194447871
-0.00286378175202
-0.002330821586
-0.00188808790802
-0.0015222486674
-0.00122148192893
-0.000975511863334
-0.00869020462414
-0.00796152286879
-0.00725953877157
-0.00658814937647
-0.00595061580554
-0.00534943018742
-0.00478623768955
-0.00426214682607
-0.00377749074592
-0.00333213414508
-0.00292542758165
-0.0025562109086
-0.00222306463678
-0.00192418881877
-0.00165762904746
-0.0327086165173
-0.0277801231428
-0.0234830787215
-0.0197567402367
-0.0165433968824
-0.0137871089915
-0.011435780063
-0.00944078101082
-0.00775691037516
-0.0063433611011
-0.00516283860381
-0.00418217044045
-0.00337182572525
-0.00270561852284
-0.0021607875681
-0.00268646205349
-0.00266745418473
-0.00259275779657
-0.00263607279728
-0.00165762925147
-0.0016459008151
-0.00159981085904
-0.00162653753925
-0.00211526782896
-0.00210030140379
-0.00207559231132
-0.0020414869245
-0.00247288343057
-0.00231431208086
-0.00239795501425
-0.00152584470891
-0.00142800133629
-0.00147961158438
-0.00194710018653
-0.00188810301279
-0.00182224419826
-0.0025381115804
-0.00199845955962
-0.00156609247233
-0.00100362365582
-0.000996522588933
-0.000968617090674
-0.000984798953099
-0.000596253817294
-0.000592035066355
-0.000575456381941
-0.000585070042585
-0.00077539903571
-0.000769912755681
-0.000760855081653
-0.000748352984431
-0.000923833748476
-0.000864593768704
-0.000895841567823
-0.000548850553569
-0.000513656022362
-0.000532220371058
-0.000713753401056
-0.00069212665904
-0.000667984628146
-0.000948202048826
-0.000732580335319
-0.000563327785169
-0.00129286597168
-0.00128371839162
-0.00126861602756
-0.00124777058498
-0.00122147196919
-0.00119008077377
-0.00115402130304
-0.00111376795117
-0.00212528529155
-0.00191509069749
-0.00202222957304
-0.00131136602597
-0.0011816695327
-0.00124777749573
-0.0016734081908
-0.00159226412786
-0.00150790506669
-0.0016933096441
-0.00146913537609
-0.00158098591894
-0.00104482383967
-0.000906501460019
-0.000975516665868
-0.00133327899048
-0.00124483747985
-0.00115676854374
-0.00180505663021
-0.00142126638803
-0.00111377514784
-0.000793976073923
-0.000715450391173
-0.000755475936977
-0.000471701979292
-0.000425049792665
-0.000448829009442
-0.00061342543943
-0.000583680256672
-0.000552756543945
-0.000632596173561
-0.000548847885318
-0.000590633642381
-0.000375826019149
-0.000326071077377
-0.000350896037423
-0.000488743425015
-0.000456323198544
-0.000424039547651
-0.000674343243311
-0.000520997186113
-0.000400627995023
-0.001022798379
-0.000973202580146
-0.000921641752672
-0.000868687607604
-0.00081490911645
-0.000760853068315
-0.000707024740242
-0.00222303796016
-0.00175037673567
-0.00137168241223
-0.00106984207304
-0.00083049506756
-0.000641639992054
-0.000493397949922
-0.00034758457968
-0.000345125270022
-0.00033546076996
-0.000341065027908
-0.000198826427302
-0.000197419645236
-0.000191891327436
-0.000195097092739
-0.000263511241722
-0.000261646786911
-0.000258568631251
-0.000254319924441
-0.000319950972952
-0.00029943441443
-0.000310256452212
-0.000183019364445
-0.000171283417944
-0.000177473874121
-0.000242561618384
-0.000235211996602
-0.000227007580236
-0.000328390436675
-0.000248959754824
-0.000187846933095
-0.000111600081656
-0.000110810463316
-0.000107707451678
-0.000109506828524
-6.14655414736e-005
-6.1030646462e-005
-5.9321612851e-005
-6.03126486144e-005
-8.30179114554e-005
-8.24305242023e-005
-8.14607665088e-005
-8.01222324735e-005
-0.00010272767204
-9.61403556272e-005
-9.9615021567e-005
-5.65789190521e-005
-5.29508484976e-005
-5.48645766979e-005
-7.64178363926e-005
-7.41023744549e-005
-7.15176137177e-005
-0.000105437357381
-7.8433537586e-005
-5.80713218737e-005
-0.000149311457693
-0.000148255015228
-0.000146510862282
-0.000144103448455
-0.000141066254543
-0.000137440925042
-0.000133276462325
-0.000128627653571
-0.000274977416414
-0.000247781648086
-0.00026164367937
-0.00015729344882
-0.000141736839664
-0.00014966624251
-0.000208466211336
-0.00019835762249
-0.000187848522576
-0.000219086780008
-0.000190082268807
-0.000204553913353
-0.000125322710744
-0.000108731458786
-0.000117009574533
-0.000166094334501
-0.000155076660064
-0.000144105399407
-0.000233545025993
-0.000177055437425
-0.000133593162203
-8.82878698291e-005
-7.95560383741e-005
-8.40067646539e-005
-4.86259655375e-005
-4.38167688015e-005
-4.62680779464e-005
-6.56762472867e-005
-6.24915864415e-005
-5.91807465682e-005
-7.03428862155e-005
-6.10303159585e-005
-6.56767726987e-005
-3.87424769399e-005
-3.36134289601e-005
-3.6172539807e-005
-5.23271973703e-005
-4.88561336127e-005
-4.53996922865e-005
-7.49850410371e-005
-5.57804385527e-005
-4.12992184358e-005
-0.000118121692611
-0.000112393936459
-0.000106439241635
-0.000100323634322
-9.41128243215e-005
-8.78699596155e-005
-8.16533940118e-005
-0.000287625024888
-0.000218054631561
-0.0001645281737
-0.000123554709402
-9.23486775315e-005
-6.86970315843e-005
-5.08625207492e-005
-0.000456324518374
-0.000453095827111
-0.000447765360412
-0.000440407840953
-0.000431125592487
-0.0004200458886
-0.000407318489958
-0.00039311083672
-0.000377606944114
-0.000361002600358
-0.000343497476453
-0.000325298784338
-0.000306608312724
-0.000287626883394
-0.000268547488724
-0.000249548469165
-0.00125073138234
-0.00104482383967
-0.00114585639049
-0.000771739516073
-0.000644688264638
-0.000707028438535
-0.000984801498428
-0.000902224975136
-0.000822673914982
-0.000856438053437
-0.00068885577965
-0.000769912850439
-0.000528448472818
-0.000425045084449
-0.000475059776227
-0.000674342620838
-0.000606214363431
-0.000542391606684
-0.000948194609115
-0.000746589943324
-0.000585065074013
-0.000467255288706
-0.000390331186812
-0.000428075497355
-0.000277596834157
-0.000231896148317
-0.000254320080945
-0.00036100115635
-0.000330730873006
-0.000301569641275
-0.000319952961576
-0.000257346629933
-0.000287628387908
-0.000190084374344
-0.000152889890124
-0.000170880312812
-0.000247195466587
-0.000222221520321
-0.000198825852236
-0.000354231893503
-0.000273679348874
-0.000210449522072
-0.00060191732165
-0.000551445993356
-0.00050282384855
-0.000456320811629
-0.000412162760574
-0.000370522309891
-0.000331513410268
-0.000543672609194
-0.000421040037767
-0.000479574984213
-0.000335462627903
-0.000259794580659
-0.000295912432887
-0.00042807720966
-0.000377607989796
-0.000331518714525
-0.000319952961576
-0.000238573055481
-0.000276937476766
-0.000197420762938
-0.000147206871902
-0.000170878893197
-0.000251924722154
-0.000218055168312
-0.000187847771183
-0.000367900796535
-0.000289677912312
-0.000227006043575
-0.000203108281727
-0.000157294513579
-0.000179162329232
-0.000120666833231
-9.34488277717e-005
-0.000106440518914
-0.00015692133688
-0.000138420708316
-0.000121525647033
-0.000119529833139
-8.91274685275e-005
-0.000103459865553
-7.10127933675e-005
-5.29507181571e-005
-6.14656095585e-005
-9.23486775315e-005
-7.99330301939e-005
-6.88598288317e-005
-0.000137442455932
-0.000106187959178
-8.16547004766e-005
-0.00026164367937
-0.000230796551604
-0.00020262647553
-0.00017705309486
-0.000153978090263
-0.00013327679039
-0.000114813825415
-0.000613426383162
-0.000482999970929
-0.000378502839834
-0.000295212841697
-0.000229167290283
-0.000177054511291
-0.000136148516266
-0.000161824337426
-0.000135183243955
-0.000148255215943
-9.25672677725e-005
-7.73279454785e-005
-8.48054161146e-005
-0.000122682462309
-0.000112395423528
-0.000102485284322
-0.000110809181332
-8.91267555106e-005
-9.961422465e-005
-6.33854173183e-005
-5.09825677293e-005
-5.69816428964e-005
-8.40067905019e-005
-7.55196564095e-005
-6.75688836278e-005
-0.000122680990128
-9.30070605379e-005
-7.01763668214e-005
-5.19574524487e-005
-4.34037122067e-005
-4.76007716464e-005
-2.86164033301e-005
-2.39052931965e-005
-2.62168912458e-005
-3.8650502068e-005
-3.54096214546e-005
-3.22874811858e-005
-3.55778547375e-005
-2.86162096198e-005
-3.19834545459e-005
-1.95950762173e-005
-1.57608381024e-005
-1.76154024503e-005
-2.64659232372e-005
-2.37920936806e-005
-2.12872420983e-005
-3.9389573981e-005
-2.9301413731e-005
-2.16944419505e-005
-6.95146710289e-005
-6.36858010886e-005
-5.8070491013e-005
-5.26999140299e-005
-4.76001565018e-005
-4.279115346e-005
-3.82860649255e-005
-7.034241005e-005
-5.44757460339e-005
-6.2049217891e-005
-4.02374872065e-005
-3.11613880239e-005
-3.54935892769e-005
-5.33280729399e-005
-4.70408280752e-005
-4.12992184358e-005
-4.13967193478e-005
-3.08674805604e-005
-3.5831213895e-005
-2.3679881937e-005
-1.76569135641e-005
-2.04962839583e-005
-3.1383730914e-005
-2.71644031923e-005
-2.34012916764e-005
-4.76003908417e-005
-3.60868658463e-005
-2.72285256669e-005
-2.25850603404e-005
-1.74907002815e-005
-1.99223388727e-005
-1.24390855493e-005
-9.63328473959e-006
-1.09725488374e-005
-1.680074523e-005
-1.4819979878e-005
-1.30111142009e-005
-1.32913757675e-005
-9.91071972821e-006
-1.15044413081e-005
-7.32043916414e-006
-5.45848842983e-006
-6.33625624514e-006
-9.88728897156e-006
-8.55801067243e-006
-7.37246102912e-006
-1.52832082185e-005
-1.13689883359e-005
-8.41747295042e-006
-3.02168979759e-005
-2.66544021617e-005
-2.34010756654e-005
-2.04476382406e-005
-1.77827351121e-005
-1.53919681434e-005
-1.3259703644e-005
-7.93674160701e-005
-6.01701214137e-005
-4.53999996085e-005
-3.40937581225e-005
-2.54827476018e-005
-1.8956298711e-005
-1.40350334546e-005
-0.000212450198178
-0.000194636051098
-0.000177474584018
-0.000161061068317
-0.000145475228933
-0.000130777991154
-0.000117009574533
-0.000104197079013
-9.23486491168e-005
-8.14609770537e-005
-7.15181858609e-005
-6.24919133214e-005
-5.43474570592e-005
-4.70408136012e-005
-4.05242033841e-005
-0.00135875754309
-0.00106985919065
-0.000838394961196
-0.000653905157138
-0.000507612311517
-0.000392180968016
-0.000301572981756
-0.00023079960524
-0.000175801169009
-0.000133278594765
-0.000100562339048
-7.55186804692e-005
-5.64450380242e-005
-4.19887611125e-005
-3.10880133255e-005
-0.00339583779122
-0.00337181078552
-0.00333214296244
-0.00327739038697
-0.00320831452351
-0.00312586250601
-0.00303114881092
-0.00292541948048
-0.00281004390389
-0.00268647908158
-0.0025562109086
-0.00242078139748
-0.00228169220265
-0.00214043778292
-0.00199845433288
-0.00185706901166
-0.00171754527779
-0.00158099418874
-0.00144842635282
-0.00132071557658
-0.0011985708426
-0.00108258544129
-0.000973212761397
-0.000870752105431
-0.000775405143491
-0.000687232484804
-0.000606209513735
-0.000532218078423
-0.000465047115283
-0.000404438379065
-0.000350064408386
-0.000301569641275
-0.00420201562298
-0.00301682780166
-0.00356886117126
-0.00301682780166
-0.00216592483262
-0.0025622559666
-0.00356886117126
-0.0030311096394
-0.0025622559666
-0.00212529967814
-0.00146913356792
-0.00177120445762
-0.00152585419265
-0.00105476118837
-0.00127163231401
-0.00180506218424
-0.00150432158809
-0.00124776636176
-0.00253811197088
-0.00215567243769
-0.00182223186311
-0.00212529967814
-0.00152585419265
-0.00180506218424
-0.00146913356792
-0.00105476118837
-0.00124776636176
-0.00177120445762
-0.00150432158809
-0.00127163231401
-0.00107493620376
-0.000743059850129
-0.000895841567823
-0.000743059850129
-0.000513647171749
-0.000619258983738
-0.000895841567823
-0.000746585808377
-0.000619258983738
-0.00128372881941
-0.00106984733997
-0.000887389726771
-0.00253811197088
-0.00215567243769
-0.00182223186311
-0.00153307673144
-0.00128372881941
-0.00106984733997
-0.000887389726771
-0.000996515965913
-0.000663260351003
-0.000814919898396
-0.000715446428691
-0.000476186298714
-0.000585069934572
-0.000846362188145
-0.000692128788662
-0.000563321111941
-0.000433172230564
-0.000277592392643
-0.000347585820292
-0.000310995042695
-0.000199296842943
-0.000249548469165
-0.000367902381341
-0.000295212024186
-0.00023576511856
-0.000537275721197
-0.000456319688378
-0.000385735913023
-0.000504018845156
-0.000335464485854
-0.000412171003911
-0.000348407808977
-0.000231893008822
-0.000284917117241
-0.000420044492758
-0.000343499378905
-0.000279572899214
-0.000219090285425
-0.000140400958891
-0.000175802304959
-0.000151448238586
-9.70534949945e-005
-0.000121525011362
-0.000182587751815
-0.000146511962245
-0.000117008818473
-0.000271743853376
-0.000226468732565
-0.000187845517023
-0.000601918062472
-0.000492229952245
-0.000400624173667
-0.000324526622933
-0.000261645772528
-0.000209949655249
-0.000167672050275
-0.00121283972006
-0.00103009054993
-0.000870755588446
-0.00073258247671
-0.000613431290592
-0.000511227780023
-0.000424040200019
-0.000996515965913
-0.000715446428691
-0.000846362188145
-0.000663260351003
-0.000476186298714
-0.000563321111941
-0.000814919898396
-0.000692128788662
-0.000585069934572
-0.000504018845156
-0.000348407808977
-0.000420044492758
-0.000335464485854
-0.000231893008822
-0.000279572899214
-0.000412171003911
-0.000343499378905
-0.000284917117241
-0.000601918062472
-0.000492229952245
-0.000400624173667
-0.000433172230564
-0.000310995042695
-0.000367902381341
-0.000277592392643
-0.000199296842943
-0.00023576511856
-0.000347585820292
-0.000295212024186
-0.000249548469165
-0.000219090285425
-0.000151448238586
-0.000182587751815
-0.000140400958891
-9.70534949945e-005
-0.000117008818473
-0.000175802304959
-0.000146511962245
-0.000121525011362
-0.000261645772528
-0.000209949655249
-0.000167672050275
-0.000537275721197
-0.000456319688378
-0.000385735913023
-0.000324526622933
-0.000271743853376
-0.000226468732565
-0.000187845517023
-0.000236325649264
-0.00015729344882
-0.00019325979781
-0.00015729344882
-0.000104691255979
-0.00012862971163
-0.00019325979781
-0.000158041878086
-0.00012862971163
-0.000102727615144
-6.58315618277e-005
-8.24306358006e-005
-6.83733692273e-005
-4.38161216664e-005
-5.48641209019e-005
-8.40074625589e-005
-6.74092213765e-005
-5.38350126952e-005
-0.000127415955177
-0.000104196822528
-8.48054161146e-005
-0.000102727615144
-6.83733692273e-005
-8.40074625589e-005
-6.58315618277e-005
-4.38161216664e-005
-5.38350126952e-005
-8.24306358006e-005
-6.74092213765e-005
-5.48641209019e-005
-4.46543273913e-005
-2.861610396e-005
-3.58315005459e-005
-2.861610396e-005
-1.83382317838e-005
-2.29621182216e-005
-3.58315005459e-005
-2.87518927364e-005
-2.29621182216e-005
-5.53860202961e-005
-4.44428195969e-005
-3.54933599344e-005
-0.000127415955177
-0.000104196822528
-8.48054161146e-005
-6.86968413466e-005
-5.53860202961e-005
-4.44428195969e-005
-3.54933599344e-005
-0.000287627237397
-0.000235212647959
-0.000191438721465
-0.000155075419456
-0.000125027732877
-0.000100324683868
-8.01222817793e-005
-0.00121283972006
-0.00103009054993
-0.000870755588446
-0.00073258247671
-0.000613431290592
-0.000511227780023
-0.000424040200019
-0.000350065377797
-0.000287627237397
-0.000235212647959
-0.000191438721465
-0.000155075419456
-0.000125027732877
-0.000100324683868
-8.01222817793e-005
-0.000174557074919
-0.00010770705399
-0.000137442836542
-0.000125322864987
-7.73280406515e-005
-9.86767798176e-005
-0.000148255033475
-0.000116733122057
-9.14778899805e-005
-6.52120172151e-005
-3.8742524623e-005
-5.03827654638e-005
-4.68188232002e-005
-2.78151096702e-005
-3.61721947783e-005
-5.53859521287e-005
-4.279115346e-005
-3.29048495316e-005
-8.40059892103e-005
-7.13480719601e-005
-6.03119137325e-005
-8.82876525052e-005
-5.44761818416e-005
-6.9515975778e-005
-6.10296774907e-005
-3.76571775824e-005
-4.80535778424e-005
-7.35780865533e-005
-5.79339504165e-005
-4.53999297625e-005
-3.29829995016e-005
-1.95952329785e-005
-2.5482645671e-005
-2.27998113569e-005
-1.35453907211e-005
-1.76151206061e-005
-2.74877168353e-005
-2.12369935725e-005
-1.63304800526e-005
-4.24886335154e-005
-3.54096214546e-005
-2.93706710609e-005
-0.000105436400339
-8.30185653836e-005
-6.50574837431e-005
-5.07415074029e-005
-3.93895255015e-005
-3.04323238235e-005
-2.340135648e-005
-2.25848518638e-005
-1.29190581796e-005
-1.71220551965e-005
-1.62147443305e-005
-9.27520918163e-006
-1.22927415729e-005
-1.91817946689e-005
-1.45421253621e-005
-1.09724306722e-005
-7.25138990491e-006
-3.99381972062e-006
-5.39421867906e-006
-5.20611930764e-006
-2.86735401508e-006
-3.87276734295e-006
-6.15875955524e-006
-4.58142456389e-006
-3.39203596674e-006
-9.70174556267e-006
-8.23989869117e-006
-6.96534672029e-006
-1.14229890376e-005
-6.53421420924e-006
-8.66001025778e-006
-7.89624955657e-006
-4.51683757048e-006
-5.98631425914e-006
-9.51980998766e-006
-7.21716985578e-006
-5.44555172782e-006
-3.66761526224e-006
-2.01999814574e-006
-2.72829333612e-006
-2.53527384932e-006
-1.39634288452e-006
-1.88595865536e-006
-3.05655553808e-006
-2.27373361429e-006
-1.68344716603e-006
-4.90695860554e-006
-4.0894124461e-006
-3.39198169459e-006
-1.36417586272e-005
-1.03421065411e-005
-7.80340178626e-006
-5.86007258432e-006
-4.38000264029e-006
-3.25822943828e-006
-2.41235696198e-006
-2.9650399505e-005
-2.518271444e-005
-2.12874385968e-005
-1.79095083592e-005
-1.49966088132e-005
-1.24980305847e-005
-1.03665481339e-005
-4.13965410239e-005
-2.554293191e-005
-3.25948290781e-005
-2.7552678802e-005
-1.70008455095e-005
-2.16944419505e-005
-3.38528093469e-005
-2.6655041875e-005
-2.08882187429e-005
-1.54651534299e-005
-9.18786311395e-006
-1.19483682823e-005
-1.02932852489e-005
-6.11525105706e-006
-7.95258602165e-006
-1.26469235746e-005
-9.77100558317e-006
-7.5135499394e-006
-1.99221794947e-005
-1.62917414723e-005
-1.32597893224e-005
-1.79945255534e-005
-1.11031726225e-005
-1.41685384877e-005
-1.15315411524e-005
-7.11531357907e-006
-9.07971061285e-006
-1.44391571849e-005
-1.13691107719e-005
-8.90940159947e-006
-6.72249641391e-006
-3.99384184029e-006
-5.19379670523e-006
-4.30801822555e-006
-2.55939793473e-006
-3.32837230224e-006
-5.39426183298e-006
-4.1676034631e-006
-3.20473634787e-006
-8.65990633828e-006
-6.94887722679e-006
-5.54958039988e-006
-2.23191169981e-005
-1.75736374521e-005
-1.37715778099e-005
-1.07411258043e-005
-8.338101693e-006
-6.44201237674e-006
-4.9536745518e-006
-5.35604040761e-006
-3.06377912309e-006
-4.06052782842e-006
-3.56486936713e-006
-2.03918781644e-006
-2.70260307397e-006
-4.38000398797e-006
-3.32057391809e-006
-2.5054636926e-006
-1.71968085406e-006
-9.47141913232e-007
-1.27924917935e-006
-1.14458389619e-006
-6.30398005961e-007
-8.51441711663e-007
-1.4063017501e-006
-1.04613036511e-006
-7.74543327051e-007
-2.30078734062e-006
-1.88151264002e-006
-1.53135631673e-006
-2.32819949676e-006
-1.33178401762e-006
-1.76505741691e-006
-1.4919942306e-006
-8.53455244472e-007
-1.13111246969e-006
-1.86819254511e-006
-1.41631639065e-006
-1.0686493906e-006
-7.47522384882e-007
-4.11709986844e-007
-5.56072596347e-007
-4.79039312154e-007
-2.63838612587e-007
-3.56351380841e-007
-5.99826496259e-007
-4.46203463439e-007
-3.30364098625e-007
-1.00012164228e-006
-8.02517051871e-007
-6.4091402917e-007
-2.88773142749e-006
-2.18925044062e-006
-1.65184923699e-006
-1.24047904904e-006
-9.27173073688e-007
-6.89712507312e-007
-5.10655495661e-007
-7.03164841675e-006
-5.75026433027e-006
-4.68011929217e-006
-3.79114244381e-006
-3.0565640024e-006
-2.45264638656e-006
-1.95875648258e-006
-5.03829049855e-005
-3.96705168074e-005
-3.10877933189e-005
-2.42468875842e-005
-1.8822329996e-005
-1.45421208877e-005
-1.11823650682e-005
-8.55807913679e-006
-6.51873002624e-006
-4.9419874876e-006
-3.72886450502e-006
-2.80024241415e-006
-2.09298929168e-006
-1.55694867884e-006
-1.15274754464e-006
-0.000220649873303
-0.000187402626722
-0.00015841508741
-0.000133277487533
-0.000111600514322
-9.30068029804e-005
-7.714491442e-005
-6.36868004738e-005
-5.23275354856e-005
-4.2791838124e-005
-3.48281219173e-005
-2.82126080547e-005
-2.27460833961e-005
-1.8251899586e-005
-1.45765108372e-005
-0.000174557074919
-0.000125322864987
-0.000148255033475
-0.00010770705399
-7.73280406515e-005
-9.14778899805e-005
-0.000137442836542
-0.000116733122057
-9.86767798176e-005
-8.82876525052e-005
-6.10296774907e-005
-7.35780865533e-005
-5.44761818416e-005
-3.76571775824e-005
-4.53999297625e-005
-6.9515975778e-005
-5.79339504165e-005
-4.80535778424e-005
-0.000105436400339
-8.30185653836e-005
-6.50574837431e-005
-6.52120172151e-005
-4.68188232002e-005
-5.53859521287e-005
-3.8742524623e-005
-2.78151096702e-005
-3.29048495316e-005
-5.03827654638e-005
-4.279115346e-005
-3.61721947783e-005
-3.29829995016e-005
-2.27998113569e-005
-2.74877168353e-005
-1.95952329785e-005
-1.35453907211e-005
-1.63304800526e-005
-2.5482645671e-005
-2.12369935725e-005
-1.76151206061e-005
-3.93895255015e-005
-3.04323238235e-005
-2.340135648e-005
-8.40059892103e-005
-7.13480719601e-005
-6.03119137325e-005
-5.07415074029e-005
-4.24886335154e-005
-3.54096214546e-005
-2.93706710609e-005
-4.13965410239e-005
-2.7552678802e-005
-3.38528093469e-005
-2.554293191e-005
-1.70008455095e-005
-2.08882187429e-005
-3.25948290781e-005
-2.6655041875e-005
-2.16944419505e-005
-1.79945255534e-005
-1.15315411524e-005
-1.44391571849e-005
-1.11031726225e-005
-7.11531357907e-006
-8.90940159947e-006
-1.41685384877e-005
-1.13691107719e-005
-9.07971061285e-006
-2.23191169981e-005
-1.75736374521e-005
-1.37715778099e-005
-1.54651534299e-005
-1.02932852489e-005
-1.26469235746e-005
-9.18786311395e-006
-6.11525105706e-006
-7.5135499394e-006
-1.19483682823e-005
-9.77100558317e-006
-7.95258602165e-006
-6.72249641391e-006
-4.30801822555e-006
-5.39426183298e-006
-3.99384184029e-006
-2.55939793473e-006
-3.20473634787e-006
-5.19379670523e-006
-4.1676034631e-006
-3.32837230224e-006
-8.338101693e-006
-6.44201237674e-006
-4.9536745518e-006
-1.99221794947e-005
-1.62917414723e-005
-1.32597893224e-005
-1.07411258043e-005
-8.65990633828e-006
-6.94887722679e-006
-5.54958039988e-006
-5.03829049855e-005
-3.96705168074e-005
-3.10877933189e-005
-2.42468875842e-005
-1.8822329996e-005
-1.45421208877e-005
-1.11823650682e-005
-2.25848518638e-005
-1.62147443305e-005
-1.91817946689e-005
-1.29190581796e-005
-9.27520918163e-006
-1.09724306722e-005
-1.71220551965e-005
-1.45421253621e-005
-1.22927415729e-005
-1.14229890376e-005
-7.89624955657e-006
-9.51980998766e-006
-6.53421420924e-006
-4.51683757048e-006
-5.44555172782e-006
-8.66001025778e-006
-7.21716985578e-006
-5.98631425914e-006
-1.36417586272e-005
-1.03421065411e-005
-7.80340178626e-006
-7.25138990491e-006
-5.20611930764e-006
-6.15875955524e-006
-3.99381972062e-006
-2.86735401508e-006
-3.39203596674e-006
-5.39421867906e-006
-4.58142456389e-006
-3.87276734295e-006
-3.66761526224e-006
-2.53527384932e-006
-3.05655553808e-006
-2.01999814574e-006
-1.39634288452e-006
-1.68344716603e-006
-2.72829333612e-006
-2.27373361429e-006
-1.88595865536e-006
-4.38000264029e-006
-3.25822943828e-006
-2.41235696198e-006
-9.70174556267e-006
-8.23989869117e-006
-6.96534672029e-006
-5.86007258432e-006
-4.90695860554e-006
-4.0894124461e-006
-3.39198169459e-006
-5.35604040761e-006
-3.56486936713e-006
-4.38000398797e-006
-3.06377912309e-006
-2.03918781644e-006
-2.5054636926e-006
-4.06052782842e-006
-3.32057391809e-006
-2.70260307397e-006
-2.32819949676e-006
-1.4919942306e-006
-1.86819254511e-006
-1.33178401762e-006
-8.53455244472e-007
-1.0686493906e-006
-1.76505741691e-006
-1.41631639065e-006
-1.13111246969e-006
-2.88773142749e-006
-2.18925044062e-006
-1.65184923699e-006
-1.71968085406e-006
-1.14458389619e-006
-1.4063017501e-006
-9.47141913232e-007
-6.30398005961e-007
-7.74543327051e-007
-1.27924917935e-006
-1.04613036511e-006
-8.51441711663e-007
-7.47522384882e-007
-4.79039312154e-007
-5.99826496259e-007
-4.11709986844e-007
-2.63838612587e-007
-3.30364098625e-007
-5.56072596347e-007
-4.46203463439e-007
-3.56351380841e-007
-9.27173073688e-007
-6.89712507312e-007
-5.10655495661e-007
-2.30078734062e-006
-1.88151264002e-006
-1.53135631673e-006
-1.24047904904e-006
-1.00012164228e-006
-8.02517051871e-007
-6.4091402917e-007
-6.51873002624e-006
-4.9419874876e-006
-3.72886450502e-006
-2.80024241415e-006
-2.09298929168e-006
-1.55694867884e-006
-1.15274754464e-006
-2.9650399505e-005
-2.518271444e-005
-2.12874385968e-005
-1.79095083592e-005
-1.49966088132e-005
-1.24980305847e-005
-1.03665481339e-005
-8.55807913679e-006
-7.03164841675e-006
-5.75026433027e-006
-4.68011929217e-006
-3.79114244381e-006
-3.0565640024e-006
-2.45264638656e-006
-1.95875648258e-006
-7.25132296931e-006
-4.47428805115e-006
-5.70955028918e-006
-4.47428805115e-006
-2.76077257204e-006
-3.52296715295e-006
-5.70955028918e-006
-4.49558854883e-006
-3.52296715295e-006
-2.70899015996e-006
-1.60941376233e-006
-2.09296417595e-006
-1.67152978218e-006
-9.93057514698e-007
-1.29142290911e-006
-2.13300602065e-006
-1.64795917471e-006
-1.26722100933e-006
-3.48971566694e-006
-2.74773405897e-006
-2.15326129819e-006
-2.70899015996e-006
-1.67152978218e-006
-2.13300602065e-006
-1.60941376233e-006
-9.93057514698e-007
-1.26722100933e-006
-2.09296417595e-006
-1.64795917471e-006
-1.29142290911e-006
-1.01203983298e-006
-6.01253876558e-007
-7.81901369144e-007
-6.01253876558e-007
-3.57205529164e-007
-4.64528385112e-007
-7.81901369144e-007
-6.04096529746e-007
-4.64528385112e-007
-1.30370767415e-006
-1.00724376863e-006
-7.74534032587e-007
-3.48971566694e-006
-2.74773405897e-006
-2.15326129819e-006
-1.67943359958e-006
-1.30370767415e-006
-1.00724376863e-006
-7.74534032587e-007
-9.38203479605e-007
-5.36674112827e-007
-7.11271956097e-007
-5.7890024153e-007
-3.31144341597e-007
-4.38876550907e-007
-7.38723122796e-007
-5.60041666853e-007
-4.22566730107e-007
-3.01231962103e-007
-1.65908352262e-007
-2.24082706628e-007
-1.85869333688e-007
-1.02370527592e-007
-1.38265883478e-007
-2.3718417227e-007
-1.7643835309e-007
-1.30633000991e-007
-4.03022853549e-007
-3.17332335046e-007
-2.48677426948e-007
-3.50499350952e-007
-2.00493743956e-007
-2.65720991642e-007
-2.08232014811e-007
-1.19113533727e-007
-1.57865106788e-007
-2.70795588733e-007
-2.05295879079e-007
-1.54901346563e-007
-1.12535936498e-007
-6.1980978593e-008
-8.37140822222e-008
-6.68577123811e-008
-3.68229613474e-008
-4.97346199411e-008
-8.69451971734e-008
-6.46774498128e-008
-4.78864669585e-008
-1.50563552213e-007
-1.16325310311e-007
-8.94499568951e-008
-4.51512557834e-007
-3.42301246152e-007
-2.5827563708e-007
-1.93955664658e-007
-1.44968566699e-007
-1.07840312081e-007
-7.98437717661e-008
-1.23171531764e-006
-9.69828619933e-007
-7.6000602255e-007
-5.92765797271e-007
-4.6015115993e-007
-3.55512510711e-007
-2.73376264149e-007
-9.38203479605e-007
-5.7890024153e-007
-7.38723122796e-007
-5.36674112827e-007
-3.31144341597e-007
-4.22566730107e-007
-7.11271956097e-007
-5.60041666853e-007
-4.38876550907e-007
-3.50499350952e-007
-2.08232014811e-007
-2.70795588733e-007
-2.00493743956e-007
-1.19113533727e-007
-1.54901346563e-007
-2.65720991642e-007
-2.05295879079e-007
-1.57865106788e-007
-4.51512557834e-007
-3.42301246152e-007
-2.5827563708e-007
-3.01231962103e-007
-1.85869333688e-007
-2.3718417227e-007
-1.65908352262e-007
-1.02370527592e-007
-1.30633000991e-007
-2.24082706628e-007
-1.7643835309e-007
-1.38265883478e-007
-1.12535936498e-007
-6.68577123811e-008
-8.69451971734e-008
-6.1980978593e-008
-3.68229613474e-008
-4.78864669585e-008
-8.37140822222e-008
-6.46774498128e-008
-4.97346199411e-008
-1.44968566699e-007
-1.07840312081e-007
-7.98437717661e-008
-4.03022853549e-007
-3.17332335046e-007
-2.48677426948e-007
-1.93955664658e-007
-1.50563552213e-007
-1.16325310311e-007
-8.94499568951e-008
-1.21388300158e-007
-6.94369182284e-008
-9.20270448552e-008
-6.94369182284e-008
-3.97195249194e-008
-5.26416003856e-008
-9.20270448552e-008
-6.97676544917e-008
-5.26416003856e-008
-3.89745259189e-008
-2.14658475489e-008
-2.89926646445e-008
-2.22943312139e-008
-1.22789618029e-008
-1.65844754521e-008
-2.95474147036e-008
-2.19799539678e-008
-1.62737142926e-008
-5.21446148737e-008
-3.95319384627e-008
-2.98279270269e-008
-3.89745259189e-008
-2.22943312139e-008
-2.95474147036e-008
-2.14658475489e-008
-1.22789618029e-008
-1.62737142926e-008
-2.89926646445e-008
-2.19799539678e-008
-1.65844754521e-008
-1.25136744532e-008
-6.8921076461e-009
-9.3087666453e-009
-6.8921076461e-009
-3.79593923297e-009
-5.12695307937e-009
-9.3087666453e-009
-6.92467562434e-009
-5.12695307937e-009
-1.67422366182e-008
-1.24543413993e-008
-9.22105632849e-009
-5.21446148737e-008
-3.95319384627e-008
-2.98279270269e-008
-2.23996946723e-008
-1.67422366182e-008
-1.24543413993e-008
-9.22105632849e-009
-1.59363967345e-007
-1.2081720357e-007
-9.11598791209e-008
-6.84577730403e-008
-5.1167493636e-008
-3.80628615413e-008
-2.81813207976e-008
-1.23171531764e-006
-9.69828619933e-007
-7.6000602255e-007
-5.92765797271e-007
-4.6015115993e-007
-3.55512510711e-007
-2.73376264149e-007
-2.09220114747e-007
-1.59363967345e-007
-1.2081720357e-007
-9.11598791209e-008
-6.84577730403e-008
-5.1167493636e-008
-3.80628615413e-008
-2.81813207976e-008
-9.16607645491e-006
-7.21718984181e-006
-5.65574951381e-006
-4.41119513563e-006
-3.42431457361e-006
-2.64562338974e-006
-2.03438871163e-006
-1.55695682291e-006
-1.18594149795e-006
-8.99087402039e-007
-6.78385995268e-007
-5.09443353212e-007
-3.80773992137e-007
-2.83253032567e-007
-2.09717405744e-007
-0.000220649873303
-0.000187402626722
-0.00015841508741
-0.000133277487533
-0.000111600514322
-9.30068029804e-005
-7.714491442e-005
-6.36868004738e-005
-5.23275354856e-005
-4.2791838124e-005
-3.48281219173e-005
-2.82126080547e-005
-2.27460833961e-005
-1.8251899586e-005
-1.45765108372e-005
-1.15864315978e-005
-9.16607645491e-006
-7.21718984181e-006
-5.65574951381e-006
-4.41119513563e-006
-3.42431457361e-006
-2.64562338974e-006
-2.03438871163e-006
-1.55695682291e-006
-1.18594149795e-006
-8.99087402039e-007
-6.78385995268e-007
-5.09443353212e-007
-3.80773992137e-007
-2.83253032567e-007
-2.09717405744e-007
-0.00492413256931
-0.00418217044045
-0.00353527006252
-0.00297428685225
-0.00249053271184
-0.00207558618035
-0.00172160436789
-0.00142126638803
-0.00116776736782
-0.000954963991834
-0.000777241730955
-0.000629606625682
-0.000507612936272
-0.000407318489958
-0.000325296682414
-0.000258568583515
-0.00020455473157
-0.000161062406368
-0.000126216525611
-9.84424296819e-005
-7.64187110879e-005
-5.90410504415e-005
-4.54004326567e-005
-3.47458246222e-005
-2.64660616747e-005
-2.00644826701e-005
-1.51392000542e-005
-1.13689918341e-005
-8.49754222908e-006
-6.32121587989e-006
-4.68015817331e-006
-0.075783209016
-0.0752470103789
-0.0743617634642
-0.0731398776953
-0.071598346291
-0.0697583059651
-0.0676446279296
-0.0652851194842
-0.0627103406007
-0.0599528064276
-0.057045676939
-0.0540233644557
-0.0509193806461
-0.0477670765984
-0.0445985031468
-0.041443277836
-0.0383295966367
-0.035282254461
-0.0323238045481
-0.0294737472
-0.0267479044258
-0.0241595163901
-0.0217187011419
-0.0194321380655
-0.0173043277312
-0.0153366227248
-0.0135284737114
-0.0118772439554
-0.0103782232564
-0.00902564848474
-0.00781221184898
-0.00672997845088
-0.00577034540936
-0.00492413256931
-0.00418217044045
-0.00353527006252
-0.00297428685225
-0.00249053271184
-0.00207558618035
-0.00172160436789
-0.00142126638803
-0.00116776736782
-0.000954963991834
-0.000777241730955
-0.000629606625682
-0.000507612936272
-0.000407318489958
-0.000325296682414
-0.000258568583515
-0.00020455473157
-0.000161062406368
-0.000126216525611
-9.84424296819e-005
-7.64187110879e-005
-5.90410504415e-005
-4.54004326567e-005
-3.47458246222e-005
-2.64660616747e-005
-2.00644826701e-005
-1.51392000542e-005
-1.13689918341e-005
-8.49754222908e-006
-6.32121587989e-006
-4.68015817331e-006
